cloud_account_id,cloud_device_id,is_indoor,is_public,latitude,longitude,mcpm10,mcpm10_aqi,mcpm1x0,mcpm2x5,mcpm2x5_aqi,mcpm4x0,model,ncpm0x5,ncpm10,ncpm1x0,ncpm2x5,ncpm4x0,rh,serial,temperature,timestamp,tpsize
c4257c0qi9clu8nikfgg,c50fv8u7kn8vcc9cd6cg,False,True,36.0036,-78.93817,7,6,6,7,29,7,8143,55,65,64,65,65,65,81432039074,8.1,2022-12-05T15:00:57Z,0.54
c4257c0qi9clu8nikfgg,c50fv8u7kn8vcc9cd6cg,False,True,36.0036,-78.93817,6,6,6,6,25,6,8143,53,63,62,63,63,61,81432039074,8.5,2022-12-05T15:15:57Z,0.53
c4257c0qi9clu8nikfgg,c50fv8u7kn8vcc9cd6cg,False,True,36.0036,-78.93817,6,6,6,6,25,6,8143,49,58,58,58,58,57,81432039074,9.1,2022-12-05T15:30:57Z,0.53
c4257c0qi9clu8nikfgg,c50fv8u7kn8vcc9cd6cg,False,True,36.0036,-78.93817,5,5,5,5,21,5,8143,39,46,46,46,46,52,81432039074,9.5,2022-12-05T15:45:57Z,0.52
c4257c0qi9clu8nikfgg,c50fv8u7kn8vcc9cd6cg,False,True,36.0036,-78.93817,5,5,4,5,21,5,8143,37,44,44,44,44,48,81432039074,10.2,2022-12-05T16:00:57Z,0.53
c4257c0qi9clu8nikfgg,c50fv8u7kn8vcc9cd6cg,False,True,36.0036,-78.93817,4,4,4,4,17,4,8143,35,41,41,41,41,45,81432039074,10.7,2022-12-05T16:15:57Z,0.52
c4257c0qi9clu8nikfgg,c50fv8u7kn8vcc9cd6cg,False,True,36.0036,-78.93817,4,4,4,4,17,4,8143,33,39,39,39,39,46,81432039074,11.3,2022-12-05T16:30:57Z,0.52
c4257c0qi9clu8nikfgg,c50fv8u7kn8vcc9cd6cg,False,True,36.0036,-78.93817,4,4,4,4,17,4,8143,31,37,37,37,37,43,81432039074,12.4,2022-12-05T16:45:57Z,0.5
c4257c0qi9clu8nikfgg,c50fv8u7kn8vcc9cd6cg,False,True,36.0036,-78.93817,4,4,4,4,17,4,8143,31,36,36,36,36,43,81432039074,12.9,2022-12-05T17:00:57Z,0.51
c4257c0qi9clu8nikfgg,c50fv8u7kn8vcc9cd6cg,False,True,36.0036,-78.93817,4,4,4,4,17,4,8143,30,35,35,35,35,42,81432039074,13.4,2022-12-05T17:15:57Z,0.52
c4257c0qi9clu8nikfgg,c50fv8u7kn8vcc9cd6cg,False,True,36.0036,-78.93817,4,4,4,4,17,4,8143,29,34,34,34,34,37,81432039074,16.1,2022-12-05T17:30:57Z,0.51
c4257c0qi9clu8nikfgg,c50fv8u7kn8vcc9cd6cg,False,True,36.0036,-78.93817,4,4,3,4,17,4,8143,27,32,31,32,32,31,81432039074,19.6,2022-12-05T17:45:57Z,0.5
c4257c0qi9clu8nikfgg,c50fv8u7kn8vcc9cd6cg,False,True,36.0036,-78.93817,3,3,3,3,13,3,8143,25,30,29,30,30,28,81432039074,20.9,2022-12-05T18:00:57Z,0.5
c4257c0qi9clu8nikfgg,c50fv8u7kn8vcc9cd6cg,False,True,36.0036,-78.93817,3,3,3,3,13,3,8143,23,28,28,28,28,28,81432039074,21.1,2022-12-05T18:15:57Z,0.49
c4257c0qi9clu8nikfgg,c50fv8u7kn8vcc9cd6cg,False,True,36.0036,-78.93817,3,3,3,3,13,3,8143,22,25,25,25,25,25,81432039074,23.0,2022-12-05T18:30:57Z,0.49
c4257c0qi9clu8nikfgg,c50fv8u7kn8vcc9cd6cg,False,True,36.0036,-78.93817,3,3,3,3,13,3,8143,20,24,24,24,24,24,81432039074,23.3,2022-12-05T18:45:57Z,0.5
c4257c0qi9clu8nikfgg,c50fv8u7kn8vcc9cd6cg,False,True,36.0036,-78.93817,3,3,3,3,13,3,8143,21,25,25,25,25,25,81432039074,22.3,2022-12-05T19:00:57Z,0.5
c4257c0qi9clu8nikfgg,c50fv8u7kn8vcc9cd6cg,False,True,36.0036,-78.93817,3,3,3,3,13,3,8143,21,25,25,25,25,29,81432039074,18.8,2022-12-05T19:15:57Z,0.51
c4257c0qi9clu8nikfgg,c50fv8u7kn8vcc9cd6cg,False,True,36.0036,-78.93817,3,3,3,3,13,3,8143,21,25,25,25,25,32,81432039074,17.3,2022-12-05T19:30:57Z,0.5
c4257c0qi9clu8nikfgg,c50fv8u7kn8vcc9cd6cg,False,True,36.0036,-78.93817,3,3,3,3,13,3,8143,21,25,25,25,25,33,81432039074,16.7,2022-12-05T19:45:57Z,0.5
c4257c0qi9clu8nikfgg,c50fv8u7kn8vcc9cd6cg,False,True,36.0036,-78.93817,3,3,3,3,13,3,8143,21,25,25,25,25,34,81432039074,16.4,2022-12-05T20:00:57Z,0.49
c4257c0qi9clu8nikfgg,c50fv8u7kn8vcc9cd6cg,False,True,36.0036,-78.93817,3,3,3,3,13,3,8143,21,25,25,25,25,35,81432039074,16.1,2022-12-05T20:15:57Z,0.49
c4257c0qi9clu8nikfgg,c50fv8u7kn8vcc9cd6cg,False,True,36.0036,-78.93817,3,3,3,3,13,3,8143,24,28,28,28,28,37,81432039074,15.7,2022-12-05T20:30:57Z,0.51
c4257c0qi9clu8nikfgg,c50fv8u7kn8vcc9cd6cg,False,True,36.0036,-78.93817,3,3,3,3,13,3,8143,24,29,29,29,29,40,81432039074,14.6,2022-12-05T20:45:57Z,0.49
c4257c0qi9clu8nikfgg,c50fv8u7kn8vcc9cd6cg,False,True,36.0036,-78.93817,3,3,2,3,13,3,8143,20,24,24,24,24,42,81432039074,13.6,2022-12-05T21:00:57Z,0.49
c4257c0qi9clu8nikfgg,c50fv8u7kn8vcc9cd6cg,False,True,36.0036,-78.93817,2,2,2,2,8,2,8143,19,22,22,22,22,43,81432039074,13.0,2022-12-05T21:15:57Z,0.51
c4257c0qi9clu8nikfgg,c50fv8u7kn8vcc9cd6cg,False,True,36.0036,-78.93817,2,2,2,2,8,2,8143,19,22,22,22,22,44,81432039074,12.5,2022-12-05T21:30:57Z,0.5
c4257c0qi9clu8nikfgg,c50fv8u7kn8vcc9cd6cg,False,True,36.0036,-78.93817,3,3,3,3,13,3,8143,24,28,28,28,28,46,81432039074,12.0,2022-12-05T21:45:57Z,0.51
c4257c0qi9clu8nikfgg,c50fv8u7kn8vcc9cd6cg,False,True,36.0036,-78.93817,4,4,4,4,17,4,8143,34,40,40,40,40,47,81432039074,11.7,2022-12-05T22:00:57Z,0.5
c4257c0qi9clu8nikfgg,c50fv8u7kn8vcc9cd6cg,False,True,36.0036,-78.93817,4,4,4,4,17,4,8143,33,39,39,39,39,48,81432039074,11.5,2022-12-05T22:15:57Z,0.5
c4257c0qi9clu8nikfgg,c50fv8u7kn8vcc9cd6cg,False,True,36.0036,-78.93817,4,4,3,4,17,4,8143,29,35,34,35,35,49,81432039074,11.4,2022-12-05T22:30:57Z,0.52
c4257c0qi9clu8nikfgg,c50fv8u7kn8vcc9cd6cg,False,True,36.0036,-78.93817,4,4,4,4,17,4,8143,30,36,35,36,36,50,81432039074,11.4,2022-12-05T22:45:57Z,0.52
c4257c0qi9clu8nikfgg,c50fv8u7kn8vcc9cd6cg,False,True,36.0036,-78.93817,4,4,4,4,17,4,8143,33,39,38,39,39,50,81432039074,11.5,2022-12-05T23:00:57Z,0.52
c4257c0qi9clu8nikfgg,c50fv8u7kn8vcc9cd6cg,False,True,36.0036,-78.93817,4,4,4,4,17,4,8143,34,41,41,41,41,51,81432039074,11.7,2022-12-05T23:15:57Z,0.53
c4257c0qi9clu8nikfgg,c50fv8u7kn8vcc9cd6cg,False,True,36.0036,-78.93817,4,4,4,4,17,4,8143,34,40,40,40,40,52,81432039074,11.7,2022-12-05T23:30:57Z,0.52
c4257c0qi9clu8nikfgg,c50fv8u7kn8vcc9cd6cg,False,True,36.0036,-78.93817,4,4,4,4,17,4,8143,34,41,40,41,41,53,81432039074,11.8,2022-12-05T23:45:57Z,0.52
c4257c0qi9clu8nikfgg,c50fv8u7kn8vcc9cd6cg,False,True,36.0036,-78.93817,5,5,4,5,21,5,8143,36,42,42,42,42,53,81432039074,11.8,2022-12-06T00:00:57Z,0.53
c4257c0qi9clu8nikfgg,c50fv8u7kn8vcc9cd6cg,False,True,36.0036,-78.93817,5,5,5,5,21,5,8143,38,45,45,45,45,54,81432039074,11.9,2022-12-06T00:15:57Z,0.54
c4257c0qi9clu8nikfgg,c50fv8u7kn8vcc9cd6cg,False,True,36.0036,-78.93817,5,5,5,5,21,5,8143,38,45,45,45,45,55,81432039074,11.8,2022-12-06T00:30:57Z,0.53
c4257c0qi9clu8nikfgg,c50fv8u7kn8vcc9cd6cg,False,True,36.0036,-78.93817,5,5,4,5,21,5,8143,37,44,44,44,44,56,81432039074,11.8,2022-12-06T00:45:57Z,0.52
c4257c0qi9clu8nikfgg,c50fv8u7kn8vcc9cd6cg,False,True,36.0036,-78.93817,5,5,5,5,21,5,8143,39,46,45,46,46,57,81432039074,11.7,2022-12-06T01:00:57Z,0.51
c4257c0qi9clu8nikfgg,c50fv8u7kn8vcc9cd6cg,False,True,36.0036,-78.93817,5,5,5,5,21,5,8143,39,46,46,46,46,58,81432039074,11.5,2022-12-06T01:15:57Z,0.54
c4257c0qi9clu8nikfgg,c50fv8u7kn8vcc9cd6cg,False,True,36.0036,-78.93817,5,5,5,5,21,5,8143,39,46,46,46,46,59,81432039074,11.4,2022-12-06T01:30:57Z,0.53
c4257c0qi9clu8nikfgg,c50fv8u7kn8vcc9cd6cg,False,True,36.0036,-78.93817,5,5,5,5,21,5,8143,39,46,46,46,46,59,81432039074,11.4,2022-12-06T01:45:57Z,0.54
c4257c0qi9clu8nikfgg,c50fv8u7kn8vcc9cd6cg,False,True,36.0036,-78.93817,5,5,5,5,21,5,8143,40,48,47,48,48,60,81432039074,11.3,2022-12-06T02:00:57Z,0.54
c4257c0qi9clu8nikfgg,c50fv8u7kn8vcc9cd6cg,False,True,36.0036,-78.93817,5,5,5,5,21,5,8143,42,49,49,49,49,61,81432039074,11.2,2022-12-06T02:15:57Z,0.53
c4257c0qi9clu8nikfgg,c50fv8u7kn8vcc9cd6cg,False,True,36.0036,-78.93817,5,5,5,5,21,5,8143,41,49,48,49,49,62,81432039074,11.1,2022-12-06T02:30:57Z,0.54
c4257c0qi9clu8nikfgg,c50fv8u7kn8vcc9cd6cg,False,True,36.0036,-78.93817,5,5,5,5,21,5,8143,42,50,49,50,50,62,81432039074,11.1,2022-12-06T02:45:57Z,0.54
c4257c0qi9clu8nikfgg,c50fv8u7kn8vcc9cd6cg,False,True,36.0036,-78.93817,5,5,5,5,21,5,8143,41,49,49,49,49,64,81432039074,11.0,2022-12-06T03:00:57Z,0.52
c4257c0qi9clu8nikfgg,c50fv8u7kn8vcc9cd6cg,False,True,36.0036,-78.93817,5,5,5,5,21,5,8143,40,48,47,48,48,65,81432039074,10.9,2022-12-06T03:15:57Z,0.52
c4257c0qi9clu8nikfgg,c50fv8u7kn8vcc9cd6cg,False,True,36.0036,-78.93817,5,5,5,5,21,5,8143,42,50,50,50,50,66,81432039074,10.8,2022-12-06T03:30:57Z,0.54
c4257c0qi9clu8nikfgg,c50fv8u7kn8vcc9cd6cg,False,True,36.0036,-78.93817,5,5,5,5,21,5,8143,41,48,48,48,48,65,81432039074,10.9,2022-12-06T03:45:57Z,0.53
c4257c0qi9clu8nikfgg,c50fv8u7kn8vcc9cd6cg,False,True,36.0036,-78.93817,5,5,5,5,21,5,8143,40,48,48,48,48,65,81432039074,11.1,2022-12-06T04:00:57Z,0.53
c4257c0qi9clu8nikfgg,c50fv8u7kn8vcc9cd6cg,False,True,36.0036,-78.93817,5,5,5,5,21,5,8143,40,47,47,47,47,64,81432039074,11.2,2022-12-06T04:15:57Z,0.51
c4257c0qi9clu8nikfgg,c50fv8u7kn8vcc9cd6cg,False,True,36.0036,-78.93817,5,5,5,5,21,5,8143,40,47,47,47,47,64,81432039074,11.2,2022-12-06T04:30:57Z,0.52
c4257c0qi9clu8nikfgg,c50fv8u7kn8vcc9cd6cg,False,True,36.0036,-78.93817,5,5,5,5,21,5,8143,41,49,49,49,49,64,81432039074,11.3,2022-12-06T04:45:57Z,0.51
c4257c0qi9clu8nikfgg,c50fv8u7kn8vcc9cd6cg,False,True,36.0036,-78.93817,5,5,5,5,21,5,8143,40,48,47,48,48,64,81432039074,11.3,2022-12-06T05:00:57Z,0.53
c4257c0qi9clu8nikfgg,c50fv8u7kn8vcc9cd6cg,False,True,36.0036,-78.93817,5,5,5,5,21,5,8143,41,48,48,48,48,64,81432039074,11.4,2022-12-06T05:15:57Z,0.52
c4257c0qi9clu8nikfgg,c50fv8u7kn8vcc9cd6cg,False,True,36.0036,-78.93817,5,5,5,5,21,5,8143,44,51,51,51,51,64,81432039074,11.4,2022-12-06T05:30:57Z,0.52
c4257c0qi9clu8nikfgg,c50fv8u7kn8vcc9cd6cg,False,True,36.0036,-78.93817,5,5,5,5,21,5,8143,43,51,51,51,51,64,81432039074,11.4,2022-12-06T05:45:57Z,0.53
c4257c0qi9clu8nikfgg,c50fv8u7kn8vcc9cd6cg,False,True,36.0036,-78.93817,5,5,5,5,21,5,8143,40,47,47,47,47,65,81432039074,11.5,2022-12-06T06:00:57Z,0.52
c4257c0qi9clu8nikfgg,c50fv8u7kn8vcc9cd6cg,False,True,36.0036,-78.93817,5,5,5,5,21,5,8143,43,51,51,51,51,67,81432039074,11.3,2022-12-06T06:15:57Z,0.52
c4257c0qi9clu8nikfgg,c50fv8u7kn8vcc9cd6cg,False,True,36.0036,-78.93817,6,6,5,6,25,6,8143,45,53,52,53,53,68,81432039074,11.0,2022-12-06T06:30:57Z,0.53
c4257c0qi9clu8nikfgg,c50fv8u7kn8vcc9cd6cg,False,True,36.0036,-78.93817,6,6,5,6,25,6,8143,45,54,53,54,54,69,81432039074,10.8,2022-12-06T06:45:57Z,0.53
c4257c0qi9clu8nikfgg,c50fv8u7kn8vcc9cd6cg,False,True,36.0036,-78.93817,6,6,5,6,25,6,8143,46,54,54,54,54,69,81432039074,11.0,2022-12-06T07:00:57Z,0.52
c4257c0qi9clu8nikfgg,c50fv8u7kn8vcc9cd6cg,False,True,36.0036,-78.93817,6,6,5,6,25,6,8143,44,52,52,52,52,69,81432039074,11.0,2022-12-06T07:15:57Z,0.53
c4257c0qi9clu8nikfgg,c50fv8u7kn8vcc9cd6cg,False,True,36.0036,-78.93817,5,5,5,5,21,5,8143,43,51,51,51,51,68,81432039074,11.1,2022-12-06T07:30:57Z,0.52
c4257c0qi9clu8nikfgg,c50fv8u7kn8vcc9cd6cg,False,True,36.0036,-78.93817,5,5,5,5,21,5,8143,44,52,51,52,52,69,81432039074,11.0,2022-12-06T07:45:57Z,0.51
c4257c0qi9clu8nikfgg,c50fv8u7kn8vcc9cd6cg,False,True,36.0036,-78.93817,6,6,5,6,25,6,8143,44,52,52,52,52,69,81432039074,10.8,2022-12-06T08:00:57Z,0.53
c4257c0qi9clu8nikfgg,c50fv8u7kn8vcc9cd6cg,False,True,36.0036,-78.93817,6,6,5,6,25,6,8143,45,53,53,53,53,70,81432039074,10.7,2022-12-06T08:15:57Z,0.52
c4257c0qi9clu8nikfgg,c50fv8u7kn8vcc9cd6cg,False,True,36.0036,-78.93817,6,6,5,6,25,6,8143,44,52,52,52,52,70,81432039074,10.7,2022-12-06T08:30:57Z,0.51
c4257c0qi9clu8nikfgg,c50fv8u7kn8vcc9cd6cg,False,True,36.0036,-78.93817,6,6,5,6,25,6,8143,44,52,52,52,52,69,81432039074,10.8,2022-12-06T08:45:57Z,0.53
c4257c0qi9clu8nikfgg,c50fv8u7kn8vcc9cd6cg,False,True,36.0036,-78.93817,6,6,5,6,25,6,8143,45,54,53,54,54,69,81432039074,10.8,2022-12-06T09:00:57Z,0.53
c4257c0qi9clu8nikfgg,c50fv8u7kn8vcc9cd6cg,False,True,36.0036,-78.93817,6,6,5,6,25,6,8143,46,55,55,55,55,70,81432039074,10.8,2022-12-06T09:15:57Z,0.52
c4257c0qi9clu8nikfgg,c50fv8u7kn8vcc9cd6cg,False,True,36.0036,-78.93817,6,6,6,6,25,6,8143,46,55,55,55,55,70,81432039074,11.0,2022-12-06T09:30:57Z,0.53
c4257c0qi9clu8nikfgg,c50fv8u7kn8vcc9cd6cg,False,True,36.0036,-78.93817,6,6,5,6,25,6,8143,45,53,53,53,53,70,81432039074,11.0,2022-12-06T09:45:57Z,0.52
c4257c0qi9clu8nikfgg,c50fv8u7kn8vcc9cd6cg,False,True,36.0036,-78.93817,5,5,5,5,21,5,8143,43,51,51,51,51,70,81432039074,11.0,2022-12-06T10:00:57Z,0.51
c4257c0qi9clu8nikfgg,c50fv8u7kn8vcc9cd6cg,False,True,36.0036,-78.93817,5,5,5,5,21,5,8143,43,50,50,50,50,70,81432039074,11.1,2022-12-06T10:15:57Z,0.51
c4257c0qi9clu8nikfgg,c50fv8u7kn8vcc9cd6cg,False,True,36.0036,-78.93817,5,5,5,5,21,5,8143,42,49,49,49,49,70,81432039074,11.2,2022-12-06T10:30:57Z,0.52
c4257c0qi9clu8nikfgg,c50fv8u7kn8vcc9cd6cg,False,True,36.0036,-78.93817,5,5,5,5,21,5,8143,42,49,49,49,49,70,81432039074,11.2,2022-12-06T10:45:57Z,0.51
c4257c0qi9clu8nikfgg,c50fv8u7kn8vcc9cd6cg,False,True,36.0036,-78.93817,5,5,5,5,21,5,8143,41,49,48,49,49,70,81432039074,11.2,2022-12-06T11:00:57Z,0.51
c4257c0qi9clu8nikfgg,c50fv8u7kn8vcc9cd6cg,False,True,36.0036,-78.93817,5,5,5,5,21,5,8143,42,50,50,50,50,70,81432039074,11.2,2022-12-06T11:15:57Z,0.51
c4257c0qi9clu8nikfgg,c50fv8u7kn8vcc9cd6cg,False,True,36.0036,-78.93817,5,5,5,5,21,5,8143,42,50,49,50,50,71,81432039074,11.1,2022-12-06T11:30:57Z,0.53
c4257c0qi9clu8nikfgg,c50fv8u7kn8vcc9cd6cg,False,True,36.0036,-78.93817,5,5,5,5,21,5,8143,43,51,50,51,51,71,81432039074,11.1,2022-12-06T11:45:57Z,0.52
c4257c0qi9clu8nikfgg,c50fv8u7kn8vcc9cd6cg,False,True,36.0036,-78.93817,5,5,5,5,21,5,8143,43,51,50,51,51,70,81432039074,11.3,2022-12-06T12:00:57Z,0.52
c4257c0qi9clu8nikfgg,c50fv8u7kn8vcc9cd6cg,False,True,36.0036,-78.93817,5,5,5,5,21,5,8143,41,48,48,48,48,69,81432039074,11.6,2022-12-06T12:15:57Z,0.53
c4257c0qi9clu8nikfgg,c50fv8u7kn8vcc9cd6cg,False,True,36.0036,-78.93817,5,5,5,5,21,5,8143,41,48,48,48,48,69,81432039074,11.8,2022-12-06T12:30:57Z,0.55
c4257c0qi9clu8nikfgg,c50fv8u7kn8vcc9cd6cg,False,True,36.0036,-78.93817,6,6,5,6,25,6,8143,46,54,54,54,54,68,81432039074,12.0,2022-12-06T12:45:57Z,0.53
c4257c0qi9clu8nikfgg,c50fv8u7kn8vcc9cd6cg,False,True,36.0036,-78.93817,6,6,5,6,25,6,8143,45,53,53,53,53,68,81432039074,12.2,2022-12-06T13:00:57Z,0.53
c4257c0qi9clu8nikfgg,c50fv8u7kn8vcc9cd6cg,False,True,36.0036,-78.93817,6,6,5,6,25,6,8143,45,53,53,53,53,67,81432039074,12.7,2022-12-06T13:15:57Z,0.52
c4257c0qi9clu8nikfgg,c50fv8u7kn8vcc9cd6cg,False,True,36.0036,-78.93817,6,6,5,6,25,6,8143,45,53,53,53,53,66,81432039074,13.0,2022-12-06T13:30:57Z,0.53
c4257c0qi9clu8nikfgg,c50fv8u7kn8vcc9cd6cg,False,True,36.0036,-78.93817,6,6,5,6,25,6,8143,45,53,53,53,53,65,81432039074,13.3,2022-12-06T13:45:57Z,0.54
c4257c0qi9clu8nikfgg,c50fv8u7kn8vcc9cd6cg,False,True,36.0036,-78.93817,6,6,6,6,25,6,8143,47,55,55,55,55,64,81432039074,13.5,2022-12-06T14:00:57Z,0.54
c4257c0qi9clu8nikfgg,c50fv8u7kn8vcc9cd6cg,False,True,36.0036,-78.93817,6,6,6,6,25,6,8143,46,55,54,55,55,64,81432039074,13.6,2022-12-06T14:15:57Z,0.54
c4257c0qi9clu8nikfgg,c50fv8u7kn8vcc9cd6cg,False,True,36.0036,-78.93817,6,6,5,6,25,6,8143,44,52,52,52,52,64,81432039074,13.8,2022-12-06T14:30:57Z,0.55
c4257c0qi9clu8nikfgg,c50fv8u7kn8vcc9cd6cg,False,True,36.0036,-78.93817,6,6,6,6,25,6,8143,47,55,55,55,55,64,81432039074,13.8,2022-12-06T14:45:57Z,0.53
c4257c0qi9clu8nikfgg,c50fv8u7kn8vcc9cd6cg,False,True,36.0036,-78.93817,6,6,6,6,25,6,8143,47,55,55,55,55,66,81432039074,13.6,2022-12-06T15:00:57Z,0.53
c4257c0qi9clu8nikfgg,c50fv8u7kn8vcc9cd6cg,False,True,36.0036,-78.93817,6,6,6,6,25,6,8143,47,55,55,55,55,68,81432039074,13.5,2022-12-06T15:15:57Z,0.53
c4257c0qi9clu8nikfgg,c50fv8u7kn8vcc9cd6cg,False,True,36.0036,-78.93817,6,6,6,6,25,6,8143,49,58,57,58,58,68,81432039074,13.5,2022-12-06T15:30:57Z,0.53
c4257c0qi9clu8nikfgg,c50fv8u7kn8vcc9cd6cg,False,True,36.0036,-78.93817,6,6,6,6,25,6,8143,49,58,57,57,57,68,81432039074,13.7,2022-12-06T15:45:57Z,0.53
c4257c0qi9clu8nikfgg,c50fv8u7kn8vcc9cd6cg,False,True,36.0036,-78.93817,6,6,6,6,25,6,8143,50,59,58,59,59,69,81432039074,13.6,2022-12-06T16:00:57Z,0.53
c4257c0qi9clu8nikfgg,c50fv8u7kn8vcc9cd6cg,False,True,36.0036,-78.93817,7,6,6,7,29,7,8143,51,61,60,61,61,74,81432039074,13.5,2022-12-06T16:15:57Z,0.53
c4257c0qi9clu8nikfgg,c50fv8u7kn8vcc9cd6cg,False,True,36.0036,-78.93817,7,6,7,7,29,7,8143,54,64,64,64,64,74,81432039074,13.8,2022-12-06T16:30:57Z,0.54
c4257c0qi9clu8nikfgg,c50fv8u7kn8vcc9cd6cg,False,True,36.0036,-78.93817,7,6,7,7,29,7,8143,56,66,66,66,66,75,81432039074,14.5,2022-12-06T16:45:57Z,0.54
c4257c0qi9clu8nikfgg,c50fv8u7kn8vcc9cd6cg,False,True,36.0036,-78.93817,8,7,7,8,33,8,8143,58,69,69,69,69,74,81432039074,14.7,2022-12-06T17:00:57Z,0.55
c4257c0qi9clu8nikfgg,c50fv8u7kn8vcc9cd6cg,False,True,36.0036,-78.93817,8,7,8,8,33,8,8143,62,73,72,73,73,73,81432039074,15.2,2022-12-06T17:15:57Z,0.56
c4257c0qi9clu8nikfgg,c50fv8u7kn8vcc9cd6cg,False,True,36.0036,-78.93817,8,7,8,8,33,8,8143,65,77,76,77,77,73,81432039074,15.4,2022-12-06T17:30:57Z,0.55
c4257c0qi9clu8nikfgg,c50fv8u7kn8vcc9cd6cg,False,True,36.0036,-78.93817,9,8,8,9,38,9,8143,67,79,78,79,79,73,81432039074,15.6,2022-12-06T17:45:57Z,0.57
c4257c0qi9clu8nikfgg,c50fv8u7kn8vcc9cd6cg,False,True,36.0036,-78.93817,8,7,8,8,33,8,8143,64,75,75,75,75,73,81432039074,15.6,2022-12-06T18:00:57Z,0.56
c4257c0qi9clu8nikfgg,c50fv8u7kn8vcc9cd6cg,False,True,36.0036,-78.93817,8,7,8,8,33,8,8143,62,73,72,73,73,74,81432039074,15.6,2022-12-06T18:15:57Z,0.56
c4257c0qi9clu8nikfgg,c50fv8u7kn8vcc9cd6cg,False,True,36.0036,-78.93817,8,7,8,8,33,8,8143,61,73,72,73,73,74,81432039074,15.5,2022-12-06T18:30:57Z,0.56
c4257c0qi9clu8nikfgg,c50fv8u7kn8vcc9cd6cg,False,True,36.0036,-78.93817,9,8,8,9,38,9,8143,66,78,78,78,78,75,81432039074,15.4,2022-12-06T18:45:57Z,0.57
c4257c0qi9clu8nikfgg,c50fv8u7kn8vcc9cd6cg,False,True,36.0036,-78.93817,8,7,8,8,33,8,8143,64,76,76,76,76,75,81432039074,15.1,2022-12-06T19:00:57Z,0.57
c4257c0qi9clu8nikfgg,c50fv8u7kn8vcc9cd6cg,False,True,36.0036,-78.93817,9,8,8,9,38,9,8143,68,81,80,81,81,76,81432039074,15.0,2022-12-06T19:15:57Z,0.59
c4257c0qi9clu8nikfgg,c50fv8u7kn8vcc9cd6cg,False,True,36.0036,-78.93817,9,8,9,9,38,9,8143,70,83,83,83,83,78,81432039074,14.8,2022-12-06T19:30:57Z,0.57
c4257c0qi9clu8nikfgg,c50fv8u7kn8vcc9cd6cg,False,True,36.0036,-78.93817,10,9,9,10,42,10,8143,74,87,86,87,87,78,81432039074,14.8,2022-12-06T19:45:57Z,0.58
c4257c0qi9clu8nikfgg,c50fv8u7kn8vcc9cd6cg,False,True,36.0036,-78.93817,10,9,10,10,42,10,8143,78,93,92,93,93,79,81432039074,14.8,2022-12-06T20:00:57Z,0.58
c4257c0qi9clu8nikfgg,c50fv8u7kn8vcc9cd6cg,False,True,36.0036,-78.93817,11,10,10,11,46,11,8143,83,98,98,98,98,79,81432039074,14.9,2022-12-06T20:15:57Z,0.59
c4257c0qi9clu8nikfgg,c50fv8u7kn8vcc9cd6cg,False,True,36.0036,-78.93817,10,9,10,10,42,10,8143,79,93,93,93,93,79,81432039074,15.1,2022-12-06T20:30:57Z,0.6
c4257c0qi9clu8nikfgg,c50fv8u7kn8vcc9cd6cg,False,True,36.0036,-78.93817,11,10,10,11,46,11,8143,83,98,97,98,98,79,81432039074,15.2,2022-12-06T20:45:57Z,0.61
c4257c0qi9clu8nikfgg,c50fv8u7kn8vcc9cd6cg,False,True,36.0036,-78.93817,11,10,11,11,46,11,8143,85,101,101,101,101,79,81432039074,15.1,2022-12-06T21:00:57Z,0.61
c4257c0qi9clu8nikfgg,c50fv8u7kn8vcc9cd6cg,False,True,36.0036,-78.93817,11,10,10,11,46,11,8143,85,100,99,100,100,79,81432039074,15.2,2022-12-06T21:15:57Z,0.6
c4257c0qi9clu8nikfgg,c50fv8u7kn8vcc9cd6cg,False,True,36.0036,-78.93817,11,10,10,11,46,11,8143,83,98,98,98,98,78,81432039074,15.5,2022-12-06T21:30:57Z,0.6
c4257c0qi9clu8nikfgg,c50fv8u7kn8vcc9cd6cg,False,True,36.0036,-78.93817,11,10,11,11,46,11,8143,85,101,101,101,101,79,81432039074,15.4,2022-12-06T21:45:57Z,0.62
c4257c0qi9clu8nikfgg,c50fv8u7kn8vcc9cd6cg,False,True,36.0036,-78.93817,11,10,10,11,46,11,8143,84,99,99,99,99,79,81432039074,15.3,2022-12-06T22:00:57Z,0.61
c4257c0qi9clu8nikfgg,c50fv8u7kn8vcc9cd6cg,False,True,36.0036,-78.93817,11,10,11,11,46,11,8143,86,102,101,102,102,80,81432039074,15.2,2022-12-06T22:15:57Z,0.61
c4257c0qi9clu8nikfgg,c50fv8u7kn8vcc9cd6cg,False,True,36.0036,-78.93817,13,12,12,12,50,13,8143,94,111,111,111,111,81,81432039074,14.9,2022-12-06T22:30:57Z,0.65
c4257c0qi9clu8nikfgg,c50fv8u7kn8vcc9cd6cg,False,True,36.0036,-78.93817,15,14,13,14,55,15,8143,108,129,128,129,129,82,81432039074,14.7,2022-12-06T22:45:57Z,0.66
c4257c0qi9clu8nikfgg,c50fv8u7kn8vcc9cd6cg,False,True,36.0036,-78.93817,15,14,14,15,57,15,8143,110,131,130,131,131,84,81432039074,14.5,2022-12-06T23:00:57Z,0.65
c4257c0qi9clu8nikfgg,c50fv8u7kn8vcc9cd6cg,False,True,36.0036,-78.93817,14,13,13,14,55,14,8143,106,125,125,125,125,84,81432039074,14.4,2022-12-06T23:15:57Z,0.64
c4257c0qi9clu8nikfgg,c50fv8u7kn8vcc9cd6cg,False,True,36.0036,-78.93817,14,13,13,14,55,14,8143,104,124,123,124,124,85,81432039074,14.6,2022-12-06T23:30:57Z,0.65
c4257c0qi9clu8nikfgg,c50fv8u7kn8vcc9cd6cg,False,True,36.0036,-78.93817,14,13,13,14,55,14,8143,102,122,120,121,122,85,81432039074,14.7,2022-12-06T23:45:57Z,0.65
c4257c0qi9clu8nikfgg,c50fv8u7kn8vcc9cd6cg,False,True,36.0036,-78.93817,15,14,14,15,57,15,8143,111,131,130,131,131,85,81432039074,14.8,2022-12-07T00:00:57Z,0.63
c4257c0qi9clu8nikfgg,c50fv8u7kn8vcc9cd6cg,False,True,36.0036,-78.93817,15,14,14,15,57,15,8143,110,131,130,131,131,85,81432039074,14.8,2022-12-07T00:15:57Z,0.64
c4257c0qi9clu8nikfgg,c50fv8u7kn8vcc9cd6cg,False,True,36.0036,-78.93817,16,15,15,16,59,16,8143,118,140,139,140,140,85,81432039074,14.7,2022-12-07T00:30:57Z,0.64
c4257c0qi9clu8nikfgg,c50fv8u7kn8vcc9cd6cg,False,True,36.0036,-78.93817,15,14,13,14,55,15,8143,108,129,128,129,129,85,81432039074,14.8,2022-12-07T00:45:57Z,0.65
c4257c0qi9clu8nikfgg,c50fv8u7kn8vcc9cd6cg,False,True,36.0036,-78.93817,15,14,14,15,57,15,8143,112,134,133,133,133,85,81432039074,14.7,2022-12-07T01:00:57Z,0.65
c4257c0qi9clu8nikfgg,c50fv8u7kn8vcc9cd6cg,False,True,36.0036,-78.93817,16,15,15,16,59,16,8143,121,144,143,144,144,85,81432039074,14.7,2022-12-07T01:15:57Z,0.65
c4257c0qi9clu8nikfgg,c50fv8u7kn8vcc9cd6cg,False,True,36.0036,-78.93817,17,16,15,16,59,16,8143,122,146,144,145,146,85,81432039074,14.8,2022-12-07T01:30:57Z,0.65
c4257c0qi9clu8nikfgg,c50fv8u7kn8vcc9cd6cg,False,True,36.0036,-78.93817,16,15,15,16,59,16,8143,118,140,139,140,140,85,81432039074,14.9,2022-12-07T01:45:57Z,0.65
c4257c0qi9clu8nikfgg,c50fv8u7kn8vcc9cd6cg,False,True,36.0036,-78.93817,16,15,15,16,59,16,8143,121,143,142,143,143,85,81432039074,15.0,2022-12-07T02:00:57Z,0.63
c4257c0qi9clu8nikfgg,c50fv8u7kn8vcc9cd6cg,False,True,36.0036,-78.93817,16,15,15,16,59,16,8143,121,144,143,144,144,85,81432039074,15.0,2022-12-07T02:15:57Z,0.64
c4257c0qi9clu8nikfgg,c50fv8u7kn8vcc9cd6cg,False,True,36.0036,-78.93817,17,16,16,17,61,17,8143,129,153,152,152,152,85,81432039074,15.0,2022-12-07T02:30:57Z,0.63
c4257c0qi9clu8nikfgg,c50fv8u7kn8vcc9cd6cg,False,True,36.0036,-78.93817,16,15,15,16,59,16,8143,121,144,142,143,144,85,81432039074,15.0,2022-12-07T02:45:57Z,0.65
c4257c0qi9clu8nikfgg,c50fv8u7kn8vcc9cd6cg,False,True,36.0036,-78.93817,16,15,15,16,59,16,8143,121,144,143,144,144,85,81432039074,14.9,2022-12-07T03:00:57Z,0.64
c4257c0qi9clu8nikfgg,c50fv8u7kn8vcc9cd6cg,False,True,36.0036,-78.93817,17,16,15,16,59,17,8143,123,146,145,146,146,85,81432039074,15.0,2022-12-07T03:15:57Z,0.64
c4257c0qi9clu8nikfgg,c50fv8u7kn8vcc9cd6cg,False,True,36.0036,-78.93817,17,16,15,17,61,17,8143,125,148,147,148,148,85,81432039074,15.1,2022-12-07T03:30:57Z,0.64
c4257c0qi9clu8nikfgg,c50fv8u7kn8vcc9cd6cg,False,True,36.0036,-78.93817,16,15,15,16,59,16,8143,118,140,139,140,140,85,81432039074,15.1,2022-12-07T03:45:57Z,0.64
c4257c0qi9clu8nikfgg,c50fv8u7kn8vcc9cd6cg,False,True,36.0036,-78.93817,16,15,15,16,59,16,8143,118,141,140,141,141,85,81432039074,15.0,2022-12-07T04:00:57Z,0.65
c4257c0qi9clu8nikfgg,c50fv8u7kn8vcc9cd6cg,False,True,36.0036,-78.93817,16,15,15,16,59,16,8143,119,142,141,142,142,86,81432039074,15.0,2022-12-07T04:15:57Z,0.66
c4257c0qi9clu8nikfgg,c50fv8u7kn8vcc9cd6cg,False,True,36.0036,-78.93817,16,15,15,16,59,16,8143,118,141,140,141,141,86,81432039074,15.0,2022-12-07T04:30:57Z,0.65
c4257c0qi9clu8nikfgg,c50fv8u7kn8vcc9cd6cg,False,True,36.0036,-78.93817,15,14,13,14,55,15,8143,108,128,127,128,128,86,81432039074,15.2,2022-12-07T04:45:57Z,0.65
c4257c0qi9clu8nikfgg,c50fv8u7kn8vcc9cd6cg,False,True,36.0036,-78.93817,14,13,13,14,55,14,8143,102,121,120,121,121,86,81432039074,15.3,2022-12-07T05:00:57Z,0.64
c4257c0qi9clu8nikfgg,c50fv8u7kn8vcc9cd6cg,False,True,36.0036,-78.93817,14,13,12,13,53,14,8143,100,119,118,119,119,86,81432039074,15.3,2022-12-07T05:15:57Z,0.63
c4257c0qi9clu8nikfgg,c50fv8u7kn8vcc9cd6cg,False,True,36.0036,-78.93817,12,11,11,12,50,12,8143,90,107,106,106,107,86,81432039074,15.1,2022-12-07T05:30:57Z,0.6
c4257c0qi9clu8nikfgg,c50fv8u7kn8vcc9cd6cg,False,True,36.0036,-78.93817,11,10,10,11,46,11,8143,82,97,97,97,97,86,81432039074,15.0,2022-12-07T05:45:57Z,0.59
c4257c0qi9clu8nikfgg,c50fv8u7kn8vcc9cd6cg,False,True,36.0036,-78.93817,11,10,10,11,46,11,8143,81,96,95,96,96,86,81432039074,14.9,2022-12-07T06:00:57Z,0.61
c4257c0qi9clu8nikfgg,c50fv8u7kn8vcc9cd6cg,False,True,36.0036,-78.93817,10,9,9,10,42,10,8143,76,89,89,89,89,86,81432039074,14.8,2022-12-07T06:15:57Z,0.57
c4257c0qi9clu8nikfgg,c50fv8u7kn8vcc9cd6cg,False,True,36.0036,-78.93817,10,9,10,10,42,10,8143,78,92,92,92,92,86,81432039074,14.8,2022-12-07T06:30:57Z,0.59
c4257c0qi9clu8nikfgg,c50fv8u7kn8vcc9cd6cg,False,True,36.0036,-78.93817,11,10,10,11,46,11,8143,80,95,94,95,95,86,81432039074,14.9,2022-12-07T06:45:57Z,0.62
c4257c0qi9clu8nikfgg,c50fv8u7kn8vcc9cd6cg,False,True,36.0036,-78.93817,11,10,10,10,42,11,8143,79,94,94,94,94,86,81432039074,14.9,2022-12-07T07:00:57Z,0.61
c4257c0qi9clu8nikfgg,c50fv8u7kn8vcc9cd6cg,False,True,36.0036,-78.93817,11,10,10,11,46,11,8143,82,97,96,97,97,86,81432039074,15.0,2022-12-07T07:15:57Z,0.61
c4257c0qi9clu8nikfgg,c50fv8u7kn8vcc9cd6cg,False,True,36.0036,-78.93817,11,10,11,11,46,11,8143,85,101,100,101,101,86,81432039074,15.0,2022-12-07T07:30:57Z,0.62
c4257c0qi9clu8nikfgg,c50fv8u7kn8vcc9cd6cg,False,True,36.0036,-78.93817,11,10,11,11,46,11,8143,85,101,100,101,101,86,81432039074,15.1,2022-12-07T07:45:57Z,0.61
c4257c0qi9clu8nikfgg,c50fv8u7kn8vcc9cd6cg,False,True,36.0036,-78.93817,12,11,11,12,50,12,8143,89,106,105,106,106,85,81432039074,15.1,2022-12-07T08:00:57Z,0.6
c4257c0qi9clu8nikfgg,c50fv8u7kn8vcc9cd6cg,False,True,36.0036,-78.93817,12,11,11,12,50,12,8143,90,107,106,107,107,85,81432039074,15.1,2022-12-07T08:15:57Z,0.61
c4257c0qi9clu8nikfgg,c50fv8u7kn8vcc9cd6cg,False,True,36.0036,-78.93817,12,11,12,12,50,12,8143,93,110,110,110,110,85,81432039074,15.1,2022-12-07T08:30:57Z,0.62
c4257c0qi9clu8nikfgg,c50fv8u7kn8vcc9cd6cg,False,True,36.0036,-78.93817,13,12,12,13,53,13,8143,96,114,113,114,114,85,81432039074,15.1,2022-12-07T08:45:57Z,0.63
c4257c0qi9clu8nikfgg,c50fv8u7kn8vcc9cd6cg,False,True,36.0036,-78.93817,13,12,12,13,53,13,8143,100,118,117,118,118,85,81432039074,15.0,2022-12-07T09:00:57Z,0.64
c4257c0qi9clu8nikfgg,c50fv8u7kn8vcc9cd6cg,False,True,36.0036,-78.93817,14,13,13,14,55,14,8143,103,122,121,122,122,85,81432039074,14.9,2022-12-07T09:15:57Z,0.64
c4257c0qi9clu8nikfgg,c50fv8u7kn8vcc9cd6cg,False,True,36.0036,-78.93817,14,13,13,14,55,14,8143,103,122,121,122,122,85,81432039074,14.9,2022-12-07T09:30:57Z,0.63
c4257c0qi9clu8nikfgg,c50fv8u7kn8vcc9cd6cg,False,True,36.0036,-78.93817,14,13,13,14,55,14,8143,103,123,122,123,123,85,81432039074,15.0,2022-12-07T09:45:57Z,0.63
c4257c0qi9clu8nikfgg,c50fv8u7kn8vcc9cd6cg,False,True,36.0036,-78.93817,14,13,13,14,55,14,8143,103,122,121,122,122,85,81432039074,15.1,2022-12-07T10:00:57Z,0.64
c4257c0qi9clu8nikfgg,c50fv8u7kn8vcc9cd6cg,False,True,36.0036,-78.93817,14,13,13,14,55,14,8143,105,124,123,124,124,85,81432039074,15.2,2022-12-07T10:15:57Z,0.65
c4257c0qi9clu8nikfgg,c50fv8u7kn8vcc9cd6cg,False,True,36.0036,-78.93817,15,14,14,15,57,15,8143,109,130,129,130,130,85,81432039074,15.1,2022-12-07T10:30:57Z,0.68
c4257c0qi9clu8nikfgg,c50fv8u7kn8vcc9cd6cg,False,True,36.0036,-78.93817,15,14,14,15,57,15,8143,110,131,130,131,131,85,81432039074,15.1,2022-12-07T10:45:57Z,0.65
c4257c0qi9clu8nikfgg,c50fv8u7kn8vcc9cd6cg,False,True,36.0036,-78.93817,15,14,13,15,57,15,8143,108,129,127,128,129,86,81432039074,15.1,2022-12-07T11:00:57Z,0.68
c4257c0qi9clu8nikfgg,c50fv8u7kn8vcc9cd6cg,False,True,36.0036,-78.93817,15,14,13,14,55,15,8143,106,126,125,126,126,86,81432039074,15.1,2022-12-07T11:15:57Z,0.67
c4257c0qi9clu8nikfgg,c50fv8u7kn8vcc9cd6cg,False,True,36.0036,-78.93817,15,14,13,14,55,15,8143,104,125,123,124,124,85,81432039074,15.3,2022-12-07T11:30:57Z,0.68
c4257c0qi9clu8nikfgg,c50fv8u7kn8vcc9cd6cg,False,True,36.0036,-78.93817,15,14,13,15,57,15,8143,107,129,127,128,129,85,81432039074,15.4,2022-12-07T11:45:57Z,0.69
c4257c0qi9clu8nikfgg,c50fv8u7kn8vcc9cd6cg,False,True,36.0036,-78.93817,16,15,14,15,57,16,8143,108,131,129,130,130,85,81432039074,15.4,2022-12-07T12:00:57Z,0.69
c4257c0qi9clu8nikfgg,c50fv8u7kn8vcc9cd6cg,False,True,36.0036,-78.93817,17,16,14,16,59,17,8143,113,137,135,137,137,85,81432039074,15.5,2022-12-07T12:15:57Z,0.72
c4257c0qi9clu8nikfgg,c50fv8u7kn8vcc9cd6cg,False,True,36.0036,-78.93817,18,17,15,17,61,17,8143,117,142,140,141,142,85,81432039074,15.5,2022-12-07T12:30:57Z,0.7
c4257c0qi9clu8nikfgg,c50fv8u7kn8vcc9cd6cg,False,True,36.0036,-78.93817,18,17,15,17,61,18,8143,119,144,142,144,144,85,81432039074,15.6,2022-12-07T12:45:57Z,0.7
c4257c0qi9clu8nikfgg,c50fv8u7kn8vcc9cd6cg,False,True,36.0036,-78.93817,18,17,15,17,61,18,8143,119,144,142,144,144,84,81432039074,15.9,2022-12-07T13:00:57Z,0.72
c4257c0qi9clu8nikfgg,c50fv8u7kn8vcc9cd6cg,False,True,36.0036,-78.93817,19,18,15,17,61,19,8143,116,142,139,141,142,84,81432039074,15.9,2022-12-07T13:15:57Z,0.73
c4257c0qi9clu8nikfgg,c50fv8u7kn8vcc9cd6cg,False,True,36.0036,-78.93817,18,17,14,17,61,18,8143,110,135,132,135,135,84,81432039074,15.9,2022-12-07T13:30:57Z,0.74
c4257c0qi9clu8nikfgg,c50fv8u7kn8vcc9cd6cg,False,True,36.0036,-78.93817,19,18,15,17,61,18,8143,113,138,135,138,138,85,81432039074,16.1,2022-12-07T13:45:57Z,0.73
c4257c0qi9clu8nikfgg,c50fv8u7kn8vcc9cd6cg,False,True,36.0036,-78.93817,19,18,15,17,61,18,8143,118,143,141,143,143,84,81432039074,16.4,2022-12-07T14:00:57Z,0.71
c4257c0qi9clu8nikfgg,c50fv8u7kn8vcc9cd6cg,False,True,36.0036,-78.93817,18,17,15,17,61,18,8143,120,145,143,145,145,83,81432039074,16.6,2022-12-07T14:15:57Z,0.7
c4257c0qi9clu8nikfgg,c50fv8u7kn8vcc9cd6cg,False,True,36.0036,-78.93817,18,17,15,17,61,18,8143,117,142,139,141,142,83,81432039074,16.8,2022-12-07T14:30:57Z,0.71
c4257c0qi9clu8nikfgg,c50fv8u7kn8vcc9cd6cg,False,True,36.0036,-78.93817,19,18,17,19,66,19,8143,134,161,159,160,161,83,81432039074,16.8,2022-12-07T14:45:57Z,0.67
c4257c0qi9clu8nikfgg,c50fv8u7kn8vcc9cd6cg,False,True,36.0036,-78.93817,19,18,17,19,66,19,8143,136,162,161,162,162,83,81432039074,17.0,2022-12-07T15:00:57Z,0.67
c4257c0qi9clu8nikfgg,c50fv8u7kn8vcc9cd6cg,False,True,36.0036,-78.93817,18,17,15,17,61,18,8143,120,144,142,143,144,81,81432039074,17.4,2022-12-07T15:15:57Z,0.69
c4257c0qi9clu8nikfgg,c50fv8u7kn8vcc9cd6cg,False,True,36.0036,-78.93817,16,15,14,15,57,16,8143,106,128,127,128,128,81,81432039074,17.6,2022-12-07T15:30:57Z,0.69
c4257c0qi9clu8nikfgg,c50fv8u7kn8vcc9cd6cg,False,True,36.0036,-78.93817,15,14,13,15,57,15,8143,103,124,122,124,124,82,81432039074,17.4,2022-12-07T15:45:57Z,0.7
c4257c0qi9clu8nikfgg,c50fv8u7kn8vcc9cd6cg,False,True,36.0036,-78.93817,17,16,14,16,59,17,8143,109,132,130,131,132,84,81432039074,17.0,2022-12-07T16:00:57Z,0.71
c4257c0qi9clu8nikfgg,c50fv8u7kn8vcc9cd6cg,False,True,36.0036,-78.93817,16,15,14,15,57,16,8143,110,132,131,132,132,85,81432039074,16.8,2022-12-07T16:15:57Z,0.68
c4257c0qi9clu8nikfgg,c50fv8u7kn8vcc9cd6cg,False,True,36.0036,-78.93817,14,13,13,14,55,14,8143,101,120,119,120,120,86,81432039074,16.7,2022-12-07T16:30:57Z,0.66
c4257c0qi9clu8nikfgg,c50fv8u7kn8vcc9cd6cg,False,True,36.0036,-78.93817,11,10,10,11,46,11,8143,83,98,98,98,98,86,81432039074,16.8,2022-12-07T16:45:57Z,0.64
c4257c0qi9clu8nikfgg,c50fv8u7kn8vcc9cd6cg,False,True,36.0036,-78.93817,9,8,9,9,38,9,8143,70,83,82,82,82,86,81432039074,17.0,2022-12-07T17:00:57Z,0.62
c4257c0qi9clu8nikfgg,c50fv8u7kn8vcc9cd6cg,False,True,36.0036,-78.93817,7,6,7,7,29,7,8143,55,65,64,65,65,86,81432039074,17.1,2022-12-07T17:15:57Z,0.62
c4257c0qi9clu8nikfgg,c50fv8u7kn8vcc9cd6cg,False,True,36.0036,-78.93817,8,7,8,8,33,8,8143,61,72,71,72,72,86,81432039074,17.3,2022-12-07T17:30:57Z,0.6
c4257c0qi9clu8nikfgg,c50fv8u7kn8vcc9cd6cg,False,True,36.0036,-78.93817,9,8,8,9,38,9,8143,66,78,77,78,78,86,81432039074,17.5,2022-12-07T17:45:57Z,0.61
c4257c0qi9clu8nikfgg,c50fv8u7kn8vcc9cd6cg,False,True,36.0036,-78.93817,10,9,9,10,42,10,8143,73,86,86,86,86,86,81432039074,17.7,2022-12-07T18:00:57Z,0.6
c4257c0qi9clu8nikfgg,c50fv8u7kn8vcc9cd6cg,False,True,36.0036,-78.93817,10,9,10,10,42,10,8143,75,89,89,89,89,85,81432039074,18.1,2022-12-07T18:15:57Z,0.62
c4257c0qi9clu8nikfgg,c50fv8u7kn8vcc9cd6cg,False,True,36.0036,-78.93817,10,9,9,10,42,10,8143,72,86,85,86,86,84,81432039074,18.2,2022-12-07T18:30:57Z,0.62
c4257c0qi9clu8nikfgg,c50fv8u7kn8vcc9cd6cg,False,True,36.0036,-78.93817,10,9,9,10,42,10,8143,71,84,83,84,84,84,81432039074,18.2,2022-12-07T18:45:57Z,0.63
c4257c0qi9clu8nikfgg,c50fv8u7kn8vcc9cd6cg,False,True,36.0036,-78.93817,10,9,10,10,42,10,8143,76,91,90,90,91,84,81432039074,18.5,2022-12-07T19:00:57Z,0.62
c4257c0qi9clu8nikfgg,c50fv8u7kn8vcc9cd6cg,False,True,36.0036,-78.93817,10,9,9,10,42,10,8143,72,85,84,85,85,83,81432039074,19.0,2022-12-07T19:15:57Z,0.61
c4257c0qi9clu8nikfgg,c50fv8u7kn8vcc9cd6cg,False,True,36.0036,-78.93817,10,9,9,10,42,10,8143,70,83,82,83,83,83,81432039074,19.2,2022-12-07T19:30:57Z,0.61
c4257c0qi9clu8nikfgg,c50fv8u7kn8vcc9cd6cg,False,True,36.0036,-78.93817,11,10,10,10,42,11,8143,76,90,89,90,90,83,81432039074,19.0,2022-12-07T19:45:57Z,0.63
c4257c0qi9clu8nikfgg,c50fv8u7kn8vcc9cd6cg,False,True,36.0036,-78.93817,11,10,10,11,46,11,8143,78,93,92,93,93,83,81432039074,19.0,2022-12-07T20:00:57Z,0.62
c4257c0qi9clu8nikfgg,c50fv8u7kn8vcc9cd6cg,False,True,36.0036,-78.93817,12,11,11,12,50,12,8143,84,100,99,100,100,83,81432039074,19.1,2022-12-07T20:15:57Z,0.63
c4257c0qi9clu8nikfgg,c50fv8u7kn8vcc9cd6cg,False,True,36.0036,-78.93817,12,11,11,12,50,12,8143,86,102,102,102,102,83,81432039074,19.2,2022-12-07T20:30:57Z,0.63
c4257c0qi9clu8nikfgg,c50fv8u7kn8vcc9cd6cg,False,True,36.0036,-78.93817,13,12,12,13,53,13,8143,93,110,110,110,110,83,81432039074,19.2,2022-12-07T20:45:57Z,0.62
c4257c0qi9clu8nikfgg,c50fv8u7kn8vcc9cd6cg,False,True,36.0036,-78.93817,13,12,12,13,53,13,8143,93,110,109,110,110,83,81432039074,19.1,2022-12-07T21:00:57Z,0.62
c4257c0qi9clu8nikfgg,c50fv8u7kn8vcc9cd6cg,False,True,36.0036,-78.93817,14,13,13,14,55,14,8143,99,118,117,118,118,84,81432039074,19.1,2022-12-07T21:15:57Z,0.61
c4257c0qi9clu8nikfgg,c50fv8u7kn8vcc9cd6cg,False,True,36.0036,-78.93817,14,13,13,13,53,14,8143,98,116,116,116,116,84,81432039074,18.9,2022-12-07T21:30:57Z,0.63
c4257c0qi9clu8nikfgg,c50fv8u7kn8vcc9cd6cg,False,True,36.0036,-78.93817,16,15,14,15,57,16,8143,113,134,133,134,134,84,81432039074,18.8,2022-12-07T21:45:57Z,0.61
c4257c0qi9clu8nikfgg,c50fv8u7kn8vcc9cd6cg,False,True,36.0036,-78.93817,14,13,13,14,55,14,8143,102,121,120,121,121,85,81432039074,18.8,2022-12-07T22:00:57Z,0.62
c4257c0qi9clu8nikfgg,c50fv8u7kn8vcc9cd6cg,False,True,36.0036,-78.93817,14,13,13,14,55,14,8143,101,120,119,119,120,85,81432039074,18.7,2022-12-07T22:15:57Z,0.63
c4257c0qi9clu8nikfgg,c50fv8u7kn8vcc9cd6cg,False,True,36.0036,-78.93817,16,15,15,16,59,16,8143,119,141,140,141,141,85,81432039074,18.7,2022-12-07T22:30:57Z,0.61
c4257c0qi9clu8nikfgg,c50fv8u7kn8vcc9cd6cg,False,True,36.0036,-78.93817,17,16,15,16,59,17,8143,121,144,143,144,144,86,81432039074,18.7,2022-12-07T22:45:57Z,0.62
c4257c0qi9clu8nikfgg,c50fv8u7kn8vcc9cd6cg,False,True,36.0036,-78.93817,15,14,14,15,57,15,8143,110,131,130,131,131,86,81432039074,18.6,2022-12-07T23:00:57Z,0.63
c4257c0qi9clu8nikfgg,c50fv8u7kn8vcc9cd6cg,False,True,36.0036,-78.93817,15,14,14,15,57,15,8143,110,131,130,131,131,86,81432039074,18.7,2022-12-07T23:15:57Z,0.62
c4257c0qi9clu8nikfgg,c50fv8u7kn8vcc9cd6cg,False,True,36.0036,-78.93817,16,15,15,16,59,16,8143,119,141,140,141,141,86,81432039074,18.8,2022-12-07T23:30:57Z,0.62
c4257c0qi9clu8nikfgg,c50fv8u7kn8vcc9cd6cg,False,True,36.0036,-78.93817,16,15,15,16,59,16,8143,118,140,139,140,140,86,81432039074,18.9,2022-12-07T23:45:57Z,0.62
c4257c0qi9clu8nikfgg,c50fv8u7kn8vcc9cd6cg,False,True,36.0036,-78.93817,15,14,14,15,57,15,8143,109,130,129,129,130,86,81432039074,18.9,2022-12-08T00:00:57Z,0.65
c4257c0qi9clu8nikfgg,c50fv8u7kn8vcc9cd6cg,False,True,36.0036,-78.93817,14,13,13,14,55,14,8143,104,123,122,123,123,86,81432039074,18.8,2022-12-08T00:15:57Z,0.64
c4257c0qi9clu8nikfgg,c50fv8u7kn8vcc9cd6cg,False,True,36.0036,-78.93817,15,14,14,15,57,15,8143,108,129,128,129,129,87,81432039074,18.8,2022-12-08T00:30:57Z,0.64
c4257c0qi9clu8nikfgg,c50fv8u7kn8vcc9cd6cg,False,True,36.0036,-78.93817,15,14,14,15,57,15,8143,111,132,131,132,132,87,81432039074,18.8,2022-12-08T00:45:57Z,0.63
c4257c0qi9clu8nikfgg,c50fv8u7kn8vcc9cd6cg,False,True,36.0036,-78.93817,15,14,14,15,57,15,8143,107,128,127,127,128,86,81432039074,18.9,2022-12-08T01:00:57Z,0.64
c4257c0qi9clu8nikfgg,c50fv8u7kn8vcc9cd6cg,False,True,36.0036,-78.93817,15,14,14,14,55,15,8143,105,125,124,125,125,86,81432039074,18.9,2022-12-08T01:15:57Z,0.63
c4257c0qi9clu8nikfgg,c50fv8u7kn8vcc9cd6cg,False,True,36.0036,-78.93817,15,14,14,15,57,15,8143,105,126,124,125,125,86,81432039074,19.0,2022-12-08T01:30:57Z,0.64
c4257c0qi9clu8nikfgg,c50fv8u7kn8vcc9cd6cg,False,True,36.0036,-78.93817,15,14,14,15,57,15,8143,105,125,124,125,125,86,81432039074,19.1,2022-12-08T01:45:57Z,0.63
c4257c0qi9clu8nikfgg,c50fv8u7kn8vcc9cd6cg,False,True,36.0036,-78.93817,15,14,14,15,57,15,8143,106,126,125,126,126,86,81432039074,19.1,2022-12-08T02:00:57Z,0.63
c4257c0qi9clu8nikfgg,c50fv8u7kn8vcc9cd6cg,False,True,36.0036,-78.93817,15,14,14,15,57,15,8143,106,126,125,126,126,85,81432039074,19.2,2022-12-08T02:15:57Z,0.64
c4257c0qi9clu8nikfgg,c50fv8u7kn8vcc9cd6cg,False,True,36.0036,-78.93817,15,14,14,15,57,15,8143,107,128,126,127,128,85,81432039074,19.2,2022-12-08T02:30:57Z,0.65
c4257c0qi9clu8nikfgg,c50fv8u7kn8vcc9cd6cg,False,True,36.0036,-78.93817,15,14,14,15,57,15,8143,105,125,124,125,125,85,81432039074,19.2,2022-12-08T02:45:57Z,0.65
c4257c0qi9clu8nikfgg,c50fv8u7kn8vcc9cd6cg,False,True,36.0036,-78.93817,13,12,12,13,53,13,8143,91,109,108,109,109,85,81432039074,19.2,2022-12-08T03:00:57Z,0.65
c4257c0qi9clu8nikfgg,c50fv8u7kn8vcc9cd6cg,False,True,36.0036,-78.93817,12,11,11,12,50,12,8143,84,99,99,99,99,84,81432039074,19.2,2022-12-08T03:15:57Z,0.65
c4257c0qi9clu8nikfgg,c50fv8u7kn8vcc9cd6cg,False,True,36.0036,-78.93817,10,9,10,10,42,10,8143,74,88,87,88,88,84,81432039074,19.1,2022-12-08T03:30:57Z,0.64
c4257c0qi9clu8nikfgg,c50fv8u7kn8vcc9cd6cg,False,True,36.0036,-78.93817,9,8,8,9,38,9,8143,63,76,75,75,75,84,81432039074,19.1,2022-12-08T03:45:57Z,0.64
c4257c0qi9clu8nikfgg,c50fv8u7kn8vcc9cd6cg,False,True,36.0036,-78.93817,8,7,7,8,33,8,8143,58,69,68,69,69,83,81432039074,19.0,2022-12-08T04:00:57Z,0.64
c4257c0qi9clu8nikfgg,c50fv8u7kn8vcc9cd6cg,False,True,36.0036,-78.93817,8,7,7,8,33,8,8143,56,66,66,66,66,84,81432039074,18.9,2022-12-08T04:15:57Z,0.63
c4257c0qi9clu8nikfgg,c50fv8u7kn8vcc9cd6cg,False,True,36.0036,-78.93817,8,7,7,7,29,7,8143,54,64,64,64,64,84,81432039074,18.8,2022-12-08T04:30:57Z,0.62
c4257c0qi9clu8nikfgg,c50fv8u7kn8vcc9cd6cg,False,True,36.0036,-78.93817,8,7,7,7,29,8,8143,55,65,64,65,65,84,81432039074,18.7,2022-12-08T04:45:57Z,0.63
c4257c0qi9clu8nikfgg,c50fv8u7kn8vcc9cd6cg,False,True,36.0036,-78.93817,8,7,7,8,33,8,8143,55,65,65,65,65,84,81432039074,18.5,2022-12-08T05:00:57Z,0.63
c4257c0qi9clu8nikfgg,c50fv8u7kn8vcc9cd6cg,False,True,36.0036,-78.93817,8,7,7,8,33,8,8143,55,66,65,66,66,84,81432039074,18.4,2022-12-08T05:15:57Z,0.65
c4257c0qi9clu8nikfgg,c50fv8u7kn8vcc9cd6cg,False,True,36.0036,-78.93817,8,7,7,8,33,8,8143,57,68,68,68,68,84,81432039074,18.3,2022-12-08T05:30:57Z,0.64
c4257c0qi9clu8nikfgg,c50fv8u7kn8vcc9cd6cg,False,True,36.0036,-78.93817,8,7,7,8,33,8,8143,56,67,66,67,67,84,81432039074,18.2,2022-12-08T05:45:57Z,0.63
c4257c0qi9clu8nikfgg,c50fv8u7kn8vcc9cd6cg,False,True,36.0036,-78.93817,7,6,7,7,29,7,8143,54,64,64,64,64,84,81432039074,18.1,2022-12-08T06:00:57Z,0.62
c4257c0qi9clu8nikfgg,c50fv8u7kn8vcc9cd6cg,False,True,36.0036,-78.93817,7,6,7,7,29,7,8143,54,64,64,64,64,84,81432039074,18.1,2022-12-08T06:15:57Z,0.62
c4257c0qi9clu8nikfgg,c50fv8u7kn8vcc9cd6cg,False,True,36.0036,-78.93817,7,6,7,7,29,7,8143,52,61,61,61,61,84,81432039074,18.0,2022-12-08T06:30:57Z,0.61
c4257c0qi9clu8nikfgg,c50fv8u7kn8vcc9cd6cg,False,True,36.0036,-78.93817,7,6,6,7,29,7,8143,51,60,60,60,60,85,81432039074,17.8,2022-12-08T06:45:57Z,0.61
c4257c0qi9clu8nikfgg,c50fv8u7kn8vcc9cd6cg,False,True,36.0036,-78.93817,7,6,6,7,29,7,8143,50,59,59,59,59,85,81432039074,17.6,2022-12-08T07:00:57Z,0.61
c4257c0qi9clu8nikfgg,c50fv8u7kn8vcc9cd6cg,False,True,36.0036,-78.93817,7,6,7,7,29,7,8143,52,62,62,62,62,85,81432039074,17.5,2022-12-08T07:15:57Z,0.63
c4257c0qi9clu8nikfgg,c50fv8u7kn8vcc9cd6cg,False,True,36.0036,-78.93817,8,7,7,8,33,8,8143,58,69,68,69,69,86,81432039074,17.3,2022-12-08T07:30:57Z,0.65
c4257c0qi9clu8nikfgg,c50fv8u7kn8vcc9cd6cg,False,True,36.0036,-78.93817,8,7,7,8,33,8,8143,57,68,67,68,68,86,81432039074,17.2,2022-12-08T07:45:57Z,0.64
c4257c0qi9clu8nikfgg,c50fv8u7kn8vcc9cd6cg,False,True,36.0036,-78.93817,8,7,7,8,33,8,8143,57,68,68,68,68,86,81432039074,17.1,2022-12-08T08:00:57Z,0.66
c4257c0qi9clu8nikfgg,c50fv8u7kn8vcc9cd6cg,False,True,36.0036,-78.93817,9,8,8,8,33,9,8143,60,72,72,72,72,86,81432039074,17.0,2022-12-08T08:15:57Z,0.69
c4257c0qi9clu8nikfgg,c50fv8u7kn8vcc9cd6cg,False,True,36.0036,-78.93817,9,8,8,8,33,9,8143,61,73,72,73,73,86,81432039074,16.9,2022-12-08T08:30:57Z,0.68
c4257c0qi9clu8nikfgg,c50fv8u7kn8vcc9cd6cg,False,True,36.0036,-78.93817,9,8,8,8,33,9,8143,60,72,71,72,72,87,81432039074,16.8,2022-12-08T08:45:57Z,0.68
c4257c0qi9clu8nikfgg,c50fv8u7kn8vcc9cd6cg,False,True,36.0036,-78.93817,9,8,8,8,33,9,8143,61,73,72,73,73,87,81432039074,16.8,2022-12-08T09:00:57Z,0.68
c4257c0qi9clu8nikfgg,c50fv8u7kn8vcc9cd6cg,False,True,36.0036,-78.93817,9,8,8,9,38,9,8143,62,74,73,74,74,86,81432039074,16.8,2022-12-08T09:15:57Z,0.68
c4257c0qi9clu8nikfgg,c50fv8u7kn8vcc9cd6cg,False,True,36.0036,-78.93817,9,8,8,9,38,9,8143,60,72,71,72,72,87,81432039074,16.7,2022-12-08T09:30:57Z,0.71
c4257c0qi9clu8nikfgg,c50fv8u7kn8vcc9cd6cg,False,True,36.0036,-78.93817,8,7,7,8,33,8,8143,58,69,69,69,69,86,81432039074,16.7,2022-12-08T09:45:57Z,0.69
c4257c0qi9clu8nikfgg,c50fv8u7kn8vcc9cd6cg,False,True,36.0036,-78.93817,8,7,7,7,29,8,8143,54,65,64,65,65,86,81432039074,16.6,2022-12-08T10:00:57Z,0.67
c4257c0qi9clu8nikfgg,c50fv8u7kn8vcc9cd6cg,False,True,36.0036,-78.93817,7,6,7,7,29,7,8143,52,62,61,62,62,86,81432039074,16.7,2022-12-08T10:15:57Z,0.65
c4257c0qi9clu8nikfgg,c50fv8u7kn8vcc9cd6cg,False,True,36.0036,-78.93817,7,6,7,7,29,7,8143,53,64,63,64,64,86,81432039074,16.7,2022-12-08T10:30:57Z,0.66
c4257c0qi9clu8nikfgg,c50fv8u7kn8vcc9cd6cg,False,True,36.0036,-78.93817,8,7,8,8,33,8,8143,61,73,72,73,73,86,81432039074,16.5,2022-12-08T10:45:57Z,0.64
c4257c0qi9clu8nikfgg,c50fv8u7kn8vcc9cd6cg,False,True,36.0036,-78.93817,9,8,8,9,38,9,8143,65,77,76,77,77,86,81432039074,16.5,2022-12-08T11:00:57Z,0.65
c4257c0qi9clu8nikfgg,c50fv8u7kn8vcc9cd6cg,False,True,36.0036,-78.93817,9,8,8,9,38,9,8143,66,78,77,78,78,85,81432039074,16.5,2022-12-08T11:15:57Z,0.64
c4257c0qi9clu8nikfgg,c50fv8u7kn8vcc9cd6cg,False,True,36.0036,-78.93817,9,8,8,9,38,9,8143,66,78,78,78,78,85,81432039074,16.5,2022-12-08T11:30:57Z,0.64
c4257c0qi9clu8nikfgg,c50fv8u7kn8vcc9cd6cg,False,True,36.0036,-78.93817,9,8,8,9,38,9,8143,65,78,77,78,78,85,81432039074,16.5,2022-12-08T11:45:57Z,0.64
c4257c0qi9clu8nikfgg,c50fv8u7kn8vcc9cd6cg,False,True,36.0036,-78.93817,8,7,8,8,33,8,8143,61,72,72,72,72,85,81432039074,16.5,2022-12-08T12:00:57Z,0.63
c4257c0qi9clu8nikfgg,c50fv8u7kn8vcc9cd6cg,False,True,36.0036,-78.93817,8,7,8,8,33,8,8143,60,72,71,72,72,85,81432039074,16.2,2022-12-08T12:15:57Z,0.63
c4257c0qi9clu8nikfgg,c50fv8u7kn8vcc9cd6cg,False,True,36.0036,-78.93817,8,7,8,8,33,8,8143,61,72,72,72,72,86,81432039074,16.1,2022-12-08T12:30:57Z,0.63
c4257c0qi9clu8nikfgg,c50fv8u7kn8vcc9cd6cg,False,True,36.0036,-78.93817,8,7,7,8,33,8,8143,59,70,70,70,70,85,81432039074,16.1,2022-12-08T12:45:57Z,0.63
c4257c0qi9clu8nikfgg,c50fv8u7kn8vcc9cd6cg,False,True,36.0036,-78.93817,8,7,7,8,33,8,8143,59,70,70,70,70,85,81432039074,15.7,2022-12-08T13:00:57Z,0.61
c4257c0qi9clu8nikfgg,c50fv8u7kn8vcc9cd6cg,False,True,36.0036,-78.93817,8,7,7,8,33,8,8143,60,71,71,71,71,86,81432039074,15.8,2022-12-08T13:15:57Z,0.62
c4257c0qi9clu8nikfgg,c50fv8u7kn8vcc9cd6cg,False,True,36.0036,-78.93817,8,7,7,8,33,8,8143,58,69,68,69,69,86,81432039074,16.0,2022-12-08T13:30:57Z,0.61
c4257c0qi9clu8nikfgg,c50fv8u7kn8vcc9cd6cg,False,True,36.0036,-78.93817,8,7,7,8,33,8,8143,57,67,67,67,67,85,81432039074,16.3,2022-12-08T13:45:57Z,0.63
c4257c0qi9clu8nikfgg,c50fv8u7kn8vcc9cd6cg,False,True,36.0036,-78.93817,8,7,7,8,33,8,8143,56,66,66,66,66,83,81432039074,16.6,2022-12-08T14:00:57Z,0.61
c4257c0qi9clu8nikfgg,c50fv8u7kn8vcc9cd6cg,False,True,36.0036,-78.93817,8,7,7,7,29,8,8143,55,66,65,65,65,82,81432039074,16.9,2022-12-08T14:15:57Z,0.62
c4257c0qi9clu8nikfgg,c50fv8u7kn8vcc9cd6cg,False,True,36.0036,-78.93817,8,7,7,8,33,8,8143,56,67,66,67,67,80,81432039074,17.2,2022-12-08T14:30:57Z,0.61
c4257c0qi9clu8nikfgg,c50fv8u7kn8vcc9cd6cg,False,True,36.0036,-78.93817,7,6,7,7,29,7,8143,55,65,64,65,65,78,81432039074,17.5,2022-12-08T14:45:57Z,0.6
c4257c0qi9clu8nikfgg,c50fv8u7kn8vcc9cd6cg,False,True,36.0036,-78.93817,8,7,7,7,29,8,8143,54,64,63,64,64,74,81432039074,18.7,2022-12-08T15:00:57Z,0.61
c4257c0qi9clu8nikfgg,c50fv8u7kn8vcc9cd6cg,False,True,36.0036,-78.93817,7,6,7,7,29,7,8143,54,63,63,63,63,69,81432039074,19.7,2022-12-08T15:15:57Z,0.59
c4257c0qi9clu8nikfgg,c50fv8u7kn8vcc9cd6cg,False,True,36.0036,-78.93817,8,7,7,7,29,8,8143,55,65,64,65,65,67,81432039074,20.0,2022-12-08T15:30:57Z,0.6
c4257c0qi9clu8nikfgg,c50fv8u7kn8vcc9cd6cg,False,True,36.0036,-78.93817,7,6,7,7,29,7,8143,53,63,63,63,63,65,81432039074,20.2,2022-12-08T15:45:57Z,0.59
c4257c0qi9clu8nikfgg,c50fv8u7kn8vcc9cd6cg,False,True,36.0036,-78.93817,7,6,7,7,29,7,8143,51,60,60,60,60,66,81432039074,20.2,2022-12-08T16:00:57Z,0.59
c4257c0qi9clu8nikfgg,c50fv8u7kn8vcc9cd6cg,False,True,36.0036,-78.93817,7,6,7,7,29,7,8143,52,61,61,61,61,65,81432039074,20.3,2022-12-08T16:15:57Z,0.58
c4257c0qi9clu8nikfgg,c50fv8u7kn8vcc9cd6cg,False,True,36.0036,-78.93817,7,6,6,7,29,7,8143,50,59,59,59,59,63,81432039074,20.7,2022-12-08T16:30:57Z,0.58
c4257c0qi9clu8nikfgg,c50fv8u7kn8vcc9cd6cg,False,True,36.0036,-78.93817,7,6,7,7,29,7,8143,51,61,60,61,61,65,81432039074,19.9,2022-12-08T16:45:57Z,0.58
c4257c0qi9clu8nikfgg,c50fv8u7kn8vcc9cd6cg,False,True,36.0036,-78.93817,7,6,7,7,29,7,8143,51,61,60,61,61,68,81432039074,19.1,2022-12-08T17:00:57Z,0.58
c4257c0qi9clu8nikfgg,c50fv8u7kn8vcc9cd6cg,False,True,36.0036,-78.93817,7,6,7,7,29,7,8143,52,61,61,61,61,68,81432039074,19.0,2022-12-08T17:15:57Z,0.6
c4257c0qi9clu8nikfgg,c50fv8u7kn8vcc9cd6cg,False,True,36.0036,-78.93817,7,6,7,7,29,7,8143,52,61,61,61,61,67,81432039074,19.2,2022-12-08T17:30:57Z,0.58
c4257c0qi9clu8nikfgg,c50fv8u7kn8vcc9cd6cg,False,True,36.0036,-78.93817,7,6,7,7,29,7,8143,52,61,61,61,61,65,81432039074,19.7,2022-12-08T17:45:57Z,0.6
c4257c0qi9clu8nikfgg,c50fv8u7kn8vcc9cd6cg,False,True,36.0036,-78.93817,7,6,7,7,29,7,8143,51,61,60,61,61,66,81432039074,19.5,2022-12-08T18:00:57Z,0.6
c4257c0qi9clu8nikfgg,c50fv8u7kn8vcc9cd6cg,False,True,36.0036,-78.93817,7,6,7,7,29,7,8143,52,61,61,61,61,65,81432039074,19.6,2022-12-08T18:15:57Z,0.61
c4257c0qi9clu8nikfgg,c50fv8u7kn8vcc9cd6cg,False,True,36.0036,-78.93817,7,6,7,7,29,7,8143,52,61,61,61,61,64,81432039074,19.9,2022-12-08T18:30:57Z,0.59
c4257c0qi9clu8nikfgg,c50fv8u7kn8vcc9cd6cg,False,True,36.0036,-78.93817,7,6,7,7,29,7,8143,52,61,61,61,61,64,81432039074,19.7,2022-12-08T18:45:57Z,0.6
c4257c0qi9clu8nikfgg,c50fv8u7kn8vcc9cd6cg,False,True,36.0036,-78.93817,7,6,7,7,29,7,8143,53,63,63,63,63,65,81432039074,19.5,2022-12-08T19:00:57Z,0.59
c4257c0qi9clu8nikfgg,c50fv8u7kn8vcc9cd6cg,False,True,36.0036,-78.93817,7,6,7,7,29,7,8143,53,62,62,62,62,64,81432039074,19.8,2022-12-08T19:15:57Z,0.59
c4257c0qi9clu8nikfgg,c50fv8u7kn8vcc9cd6cg,False,True,36.0036,-78.93817,7,6,7,7,29,7,8143,52,61,61,61,61,64,81432039074,19.3,2022-12-08T19:30:57Z,0.59
c4257c0qi9clu8nikfgg,c50fv8u7kn8vcc9cd6cg,False,True,36.0036,-78.93817,7,6,7,7,29,7,8143,53,63,63,63,63,66,81432039074,18.7,2022-12-08T19:45:57Z,0.59
c4257c0qi9clu8nikfgg,c50fv8u7kn8vcc9cd6cg,False,True,36.0036,-78.93817,8,7,7,8,33,8,8143,55,66,65,66,66,66,81432039074,18.3,2022-12-08T20:00:57Z,0.6
c4257c0qi9clu8nikfgg,c50fv8u7kn8vcc9cd6cg,False,True,36.0036,-78.93817,8,7,7,8,33,8,8143,57,67,67,67,67,66,81432039074,18.3,2022-12-08T20:15:57Z,0.6
c4257c0qi9clu8nikfgg,c50fv8u7kn8vcc9cd6cg,False,True,36.0036,-78.93817,8,7,7,8,33,8,8143,55,65,65,65,65,65,81432039074,18.4,2022-12-08T20:30:57Z,0.61
c4257c0qi9clu8nikfgg,c50fv8u7kn8vcc9cd6cg,False,True,36.0036,-78.93817,7,6,7,7,29,7,8143,54,64,64,64,64,66,81432039074,18.2,2022-12-08T20:45:57Z,0.6
c4257c0qi9clu8nikfgg,c50fv8u7kn8vcc9cd6cg,False,True,36.0036,-78.93817,7,6,7,7,29,7,8143,55,66,65,66,66,67,81432039074,18.0,2022-12-08T21:00:57Z,0.6
c4257c0qi9clu8nikfgg,c50fv8u7kn8vcc9cd6cg,False,True,36.0036,-78.93817,8,7,7,7,29,8,8143,55,65,65,65,65,68,81432039074,17.7,2022-12-08T21:15:57Z,0.62
c4257c0qi9clu8nikfgg,c50fv8u7kn8vcc9cd6cg,False,True,36.0036,-78.93817,8,7,7,7,29,8,8143,55,65,65,65,65,68,81432039074,17.4,2022-12-08T21:30:57Z,0.62
c4257c0qi9clu8nikfgg,c50fv8u7kn8vcc9cd6cg,False,True,36.0036,-78.93817,7,6,7,7,29,7,8143,54,64,63,64,64,69,81432039074,17.1,2022-12-08T21:45:57Z,0.61
c4257c0qi9clu8nikfgg,c50fv8u7kn8vcc9cd6cg,False,True,36.0036,-78.93817,8,7,7,7,29,8,8143,55,65,65,65,65,70,81432039074,16.9,2022-12-08T22:00:57Z,0.62
c4257c0qi9clu8nikfgg,c50fv8u7kn8vcc9cd6cg,False,True,36.0036,-78.93817,8,7,7,7,29,7,8143,55,66,65,65,66,70,81432039074,16.8,2022-12-08T22:15:57Z,0.62
c4257c0qi9clu8nikfgg,c50fv8u7kn8vcc9cd6cg,False,True,36.0036,-78.93817,8,7,7,8,33,8,8143,59,70,69,70,70,71,81432039074,16.6,2022-12-08T22:30:57Z,0.62
c4257c0qi9clu8nikfgg,c50fv8u7kn8vcc9cd6cg,False,True,36.0036,-78.93817,8,7,7,8,33,8,8143,57,67,67,67,67,71,81432039074,16.5,2022-12-08T22:45:57Z,0.62
c4257c0qi9clu8nikfgg,c50fv8u7kn8vcc9cd6cg,False,True,36.0036,-78.93817,8,7,7,8,33,8,8143,57,67,67,67,67,72,81432039074,16.4,2022-12-08T23:00:57Z,0.61
c4257c0qi9clu8nikfgg,c50fv8u7kn8vcc9cd6cg,False,True,36.0036,-78.93817,8,7,7,8,33,8,8143,58,69,69,69,69,75,81432039074,15.9,2022-12-08T23:15:57Z,0.62
c4257c0qi9clu8nikfgg,c50fv8u7kn8vcc9cd6cg,False,True,36.0036,-78.93817,8,7,8,8,33,8,8143,61,72,72,72,72,78,81432039074,15.2,2022-12-08T23:30:57Z,0.63
c4257c0qi9clu8nikfgg,c50fv8u7kn8vcc9cd6cg,False,True,36.0036,-78.93817,8,7,8,8,33,8,8143,64,76,75,76,76,80,81432039074,14.9,2022-12-08T23:45:57Z,0.61
c4257c0qi9clu8nikfgg,c50fv8u7kn8vcc9cd6cg,False,True,36.0036,-78.93817,8,7,8,8,33,8,8143,63,74,74,74,74,80,81432039074,14.7,2022-12-09T00:00:57Z,0.61
c4257c0qi9clu8nikfgg,c50fv8u7kn8vcc9cd6cg,False,True,36.0036,-78.93817,8,7,8,8,33,8,8143,61,73,72,73,73,80,81432039074,14.9,2022-12-09T00:15:57Z,0.63
c4257c0qi9clu8nikfgg,c50fv8u7kn8vcc9cd6cg,False,True,36.0036,-78.93817,8,7,7,8,33,8,8143,60,71,71,71,71,79,81432039074,15.0,2022-12-09T00:30:57Z,0.61
c4257c0qi9clu8nikfgg,c50fv8u7kn8vcc9cd6cg,False,True,36.0036,-78.93817,8,7,7,8,33,8,8143,60,70,70,70,70,79,81432039074,15.0,2022-12-09T00:45:57Z,0.6
c4257c0qi9clu8nikfgg,c50fv8u7kn8vcc9cd6cg,False,True,36.0036,-78.93817,8,7,7,8,33,8,8143,58,69,68,69,69,78,81432039074,15.0,2022-12-09T01:00:57Z,0.62
c4257c0qi9clu8nikfgg,c50fv8u7kn8vcc9cd6cg,False,True,36.0036,-78.93817,7,6,7,7,29,7,8143,56,66,66,66,66,78,81432039074,15.0,2022-12-09T01:15:57Z,0.61
c4257c0qi9clu8nikfgg,c50fv8u7kn8vcc9cd6cg,False,True,36.0036,-78.93817,7,6,7,7,29,7,8143,55,65,65,65,65,77,81432039074,15.0,2022-12-09T01:30:57Z,0.61
c4257c0qi9clu8nikfgg,c50fv8u7kn8vcc9cd6cg,False,True,36.0036,-78.93817,7,6,7,7,29,7,8143,54,64,64,64,64,76,81432039074,14.9,2022-12-09T01:45:57Z,0.61
c4257c0qi9clu8nikfgg,c50fv8u7kn8vcc9cd6cg,False,True,36.0036,-78.93817,7,6,7,7,29,7,8143,56,66,66,66,66,76,81432039074,14.9,2022-12-09T02:00:57Z,0.61
c4257c0qi9clu8nikfgg,c50fv8u7kn8vcc9cd6cg,False,True,36.0036,-78.93817,7,6,7,7,29,7,8143,56,66,66,66,66,76,81432039074,14.9,2022-12-09T02:15:57Z,0.61
c4257c0qi9clu8nikfgg,c50fv8u7kn8vcc9cd6cg,False,True,36.0036,-78.93817,7,6,7,7,29,7,8143,56,66,66,66,66,77,81432039074,14.8,2022-12-09T02:30:57Z,0.59
c4257c0qi9clu8nikfgg,c50fv8u7kn8vcc9cd6cg,False,True,36.0036,-78.93817,8,7,7,8,33,8,8143,57,68,68,68,68,78,81432039074,14.7,2022-12-09T02:45:57Z,0.61
c4257c0qi9clu8nikfgg,c50fv8u7kn8vcc9cd6cg,False,True,36.0036,-78.93817,8,7,7,8,33,8,8143,60,70,70,70,70,78,81432039074,14.6,2022-12-09T03:00:57Z,0.59
c4257c0qi9clu8nikfgg,c50fv8u7kn8vcc9cd6cg,False,True,36.0036,-78.93817,8,7,7,8,33,8,8143,60,71,70,71,71,78,81432039074,14.6,2022-12-09T03:15:57Z,0.59
c4257c0qi9clu8nikfgg,c50fv8u7kn8vcc9cd6cg,False,True,36.0036,-78.93817,8,7,7,8,33,8,8143,59,70,70,70,70,77,81432039074,14.6,2022-12-09T03:30:57Z,0.62
c4257c0qi9clu8nikfgg,c50fv8u7kn8vcc9cd6cg,False,True,36.0036,-78.93817,8,7,7,8,33,8,8143,59,69,69,69,69,78,81432039074,14.5,2022-12-09T03:45:57Z,0.62
c4257c0qi9clu8nikfgg,c50fv8u7kn8vcc9cd6cg,False,True,36.0036,-78.93817,8,7,7,8,33,8,8143,58,68,68,68,68,78,81432039074,14.5,2022-12-09T04:00:57Z,0.6
c4257c0qi9clu8nikfgg,c50fv8u7kn8vcc9cd6cg,False,True,36.0036,-78.93817,7,6,7,7,29,7,8143,56,67,66,67,67,78,81432039074,14.4,2022-12-09T04:15:57Z,0.61
c4257c0qi9clu8nikfgg,c50fv8u7kn8vcc9cd6cg,False,True,36.0036,-78.93817,7,6,7,7,29,7,8143,55,65,65,65,65,78,81432039074,14.3,2022-12-09T04:30:57Z,0.61
c4257c0qi9clu8nikfgg,c50fv8u7kn8vcc9cd6cg,False,True,36.0036,-78.93817,7,6,7,7,29,7,8143,55,66,65,66,66,80,81432039074,14.1,2022-12-09T04:45:57Z,0.62
c4257c0qi9clu8nikfgg,c50fv8u7kn8vcc9cd6cg,False,True,36.0036,-78.93817,7,6,7,7,29,7,8143,56,67,66,66,66,81,81432039074,13.7,2022-12-09T05:00:57Z,0.6
c4257c0qi9clu8nikfgg,c50fv8u7kn8vcc9cd6cg,False,True,36.0036,-78.93817,7,6,7,7,29,7,8143,56,66,66,66,66,83,81432039074,13.4,2022-12-09T05:15:57Z,0.6
c4257c0qi9clu8nikfgg,c50fv8u7kn8vcc9cd6cg,False,True,36.0036,-78.93817,7,6,7,7,29,7,8143,54,64,64,64,64,84,81432039074,13.2,2022-12-09T05:30:57Z,0.6
c4257c0qi9clu8nikfgg,c50fv8u7kn8vcc9cd6cg,False,True,36.0036,-78.93817,7,6,6,7,29,7,8143,51,61,60,60,61,84,81432039074,12.9,2022-12-09T05:45:57Z,0.61
c4257c0qi9clu8nikfgg,c50fv8u7kn8vcc9cd6cg,False,True,36.0036,-78.93817,5,5,5,5,21,5,8143,43,51,50,51,51,84,81432039074,12.6,2022-12-09T06:00:57Z,0.58
c4257c0qi9clu8nikfgg,c50fv8u7kn8vcc9cd6cg,False,True,36.0036,-78.93817,5,5,5,5,21,5,8143,42,49,49,49,49,84,81432039074,12.2,2022-12-09T06:15:57Z,0.6
c4257c0qi9clu8nikfgg,c50fv8u7kn8vcc9cd6cg,False,True,36.0036,-78.93817,5,5,5,5,21,5,8143,41,48,48,48,48,85,81432039074,12.2,2022-12-09T06:30:57Z,0.6
c4257c0qi9clu8nikfgg,c50fv8u7kn8vcc9cd6cg,False,True,36.0036,-78.93817,5,5,5,5,21,5,8143,40,47,47,47,47,85,81432039074,12.1,2022-12-09T06:45:57Z,0.6
c4257c0qi9clu8nikfgg,c50fv8u7kn8vcc9cd6cg,False,True,36.0036,-78.93817,5,5,4,5,21,5,8143,37,43,43,43,43,85,81432039074,11.9,2022-12-09T07:00:57Z,0.58
c4257c0qi9clu8nikfgg,c50fv8u7kn8vcc9cd6cg,False,True,36.0036,-78.93817,5,5,4,5,21,5,8143,37,43,43,43,43,85,81432039074,11.8,2022-12-09T07:15:57Z,0.59
c4257c0qi9clu8nikfgg,c50fv8u7kn8vcc9cd6cg,False,True,36.0036,-78.93817,5,5,5,5,21,5,8143,41,48,48,48,48,85,81432039074,11.7,2022-12-09T07:30:57Z,0.59
c4257c0qi9clu8nikfgg,c50fv8u7kn8vcc9cd6cg,False,True,36.0036,-78.93817,5,5,5,5,21,5,8143,42,50,50,50,50,84,81432039074,11.4,2022-12-09T07:45:57Z,0.6
c4257c0qi9clu8nikfgg,c50fv8u7kn8vcc9cd6cg,False,True,36.0036,-78.93817,6,6,5,6,25,6,8143,44,52,52,52,52,85,81432039074,11.3,2022-12-09T08:00:57Z,0.6
c4257c0qi9clu8nikfgg,c50fv8u7kn8vcc9cd6cg,False,True,36.0036,-78.93817,6,6,6,6,25,6,8143,46,55,54,55,55,85,81432039074,11.2,2022-12-09T08:15:57Z,0.62
c4257c0qi9clu8nikfgg,c50fv8u7kn8vcc9cd6cg,False,True,36.0036,-78.93817,6,6,5,6,25,6,8143,46,54,54,54,54,85,81432039074,11.2,2022-12-09T08:30:57Z,0.64
c4257c0qi9clu8nikfgg,c50fv8u7kn8vcc9cd6cg,False,True,36.0036,-78.93817,6,6,5,6,25,6,8143,46,54,54,54,54,84,81432039074,11.1,2022-12-09T08:45:57Z,0.59
c4257c0qi9clu8nikfgg,c50fv8u7kn8vcc9cd6cg,False,True,36.0036,-78.93817,6,6,5,6,25,6,8143,46,55,54,55,55,84,81432039074,11.0,2022-12-09T09:00:57Z,0.59
c4257c0qi9clu8nikfgg,c50fv8u7kn8vcc9cd6cg,False,True,36.0036,-78.93817,6,6,6,6,25,6,8143,50,59,59,59,59,84,81432039074,10.9,2022-12-09T09:15:57Z,0.59
c4257c0qi9clu8nikfgg,c50fv8u7kn8vcc9cd6cg,False,True,36.0036,-78.93817,6,6,6,6,25,6,8143,51,60,59,60,60,84,81432039074,10.9,2022-12-09T09:30:57Z,0.59
c4257c0qi9clu8nikfgg,c50fv8u7kn8vcc9cd6cg,False,True,36.0036,-78.93817,6,6,6,6,25,6,8143,49,59,58,59,59,85,81432039074,10.9,2022-12-09T09:45:57Z,0.6
c4257c0qi9clu8nikfgg,c50fv8u7kn8vcc9cd6cg,False,True,36.0036,-78.93817,6,6,6,6,25,6,8143,48,56,56,56,56,84,81432039074,11.0,2022-12-09T10:00:57Z,0.59
c4257c0qi9clu8nikfgg,c50fv8u7kn8vcc9cd6cg,False,True,36.0036,-78.93817,6,6,6,6,25,6,8143,50,59,58,59,59,85,81432039074,11.0,2022-12-09T10:15:57Z,0.6
c4257c0qi9clu8nikfgg,c50fv8u7kn8vcc9cd6cg,False,True,36.0036,-78.93817,6,6,6,6,25,6,8143,49,58,58,58,58,85,81432039074,10.9,2022-12-09T10:30:57Z,0.61
c4257c0qi9clu8nikfgg,c50fv8u7kn8vcc9cd6cg,False,True,36.0036,-78.93817,6,6,6,6,25,6,8143,48,57,57,57,57,84,81432039074,10.7,2022-12-09T10:45:57Z,0.57
c4257c0qi9clu8nikfgg,c50fv8u7kn8vcc9cd6cg,False,True,36.0036,-78.93817,6,6,6,6,25,6,8143,48,57,56,56,56,84,81432039074,10.5,2022-12-09T11:00:57Z,0.57
c4257c0qi9clu8nikfgg,c50fv8u7kn8vcc9cd6cg,False,True,36.0036,-78.93817,6,6,6,6,25,6,8143,49,58,58,58,58,84,81432039074,10.5,2022-12-09T11:15:57Z,0.55
c4257c0qi9clu8nikfgg,c50fv8u7kn8vcc9cd6cg,False,True,36.0036,-78.93817,6,6,6,6,25,6,8143,50,59,59,59,59,84,81432039074,10.6,2022-12-09T11:30:57Z,0.56
c4257c0qi9clu8nikfgg,c50fv8u7kn8vcc9cd6cg,False,True,36.0036,-78.93817,6,6,6,6,25,6,8143,49,58,58,58,58,84,81432039074,10.6,2022-12-09T11:45:57Z,0.58
c4257c0qi9clu8nikfgg,c50fv8u7kn8vcc9cd6cg,False,True,36.0036,-78.93817,6,6,6,6,25,6,8143,48,56,56,56,56,84,81432039074,10.7,2022-12-09T12:00:57Z,0.57
c4257c0qi9clu8nikfgg,c50fv8u7kn8vcc9cd6cg,False,True,36.0036,-78.93817,6,6,6,6,25,6,8143,48,57,57,57,57,84,81432039074,10.7,2022-12-09T12:15:57Z,0.6
c4257c0qi9clu8nikfgg,c50fv8u7kn8vcc9cd6cg,False,True,36.0036,-78.93817,6,6,6,6,25,6,8143,47,56,56,56,56,82,81432039074,10.7,2022-12-09T12:30:57Z,0.62
c4257c0qi9clu8nikfgg,c50fv8u7kn8vcc9cd6cg,False,True,36.0036,-78.93817,6,6,5,6,25,6,8143,45,53,53,53,53,81,81432039074,10.7,2022-12-09T12:45:57Z,0.61
c4257c0qi9clu8nikfgg,c50fv8u7kn8vcc9cd6cg,False,True,36.0036,-78.93817,6,6,5,6,25,6,8143,46,54,54,54,54,80,81432039074,10.8,2022-12-09T13:00:57Z,0.59
c4257c0qi9clu8nikfgg,c50fv8u7kn8vcc9cd6cg,False,True,36.0036,-78.93817,5,5,5,5,21,5,8143,44,52,51,52,52,79,81432039074,11.0,2022-12-09T13:15:57Z,0.59
c4257c0qi9clu8nikfgg,c50fv8u7kn8vcc9cd6cg,False,True,36.0036,-78.93817,5,5,5,5,21,5,8143,42,50,49,50,50,76,81432039074,11.2,2022-12-09T13:30:57Z,0.6
c4257c0qi9clu8nikfgg,c50fv8u7kn8vcc9cd6cg,False,True,36.0036,-78.93817,5,5,5,5,21,5,8143,40,48,48,48,48,74,81432039074,11.5,2022-12-09T13:45:57Z,0.62
c4257c0qi9clu8nikfgg,c50fv8u7kn8vcc9cd6cg,False,True,36.0036,-78.93817,5,5,5,5,21,5,8143,38,46,45,46,46,70,81432039074,11.8,2022-12-09T14:00:57Z,0.6
c4257c0qi9clu8nikfgg,c50fv8u7kn8vcc9cd6cg,False,True,36.0036,-78.93817,5,5,4,5,21,5,8143,37,44,44,44,44,69,81432039074,12.0,2022-12-09T14:15:57Z,0.59
c4257c0qi9clu8nikfgg,c50fv8u7kn8vcc9cd6cg,False,True,36.0036,-78.93817,4,4,4,4,17,4,8143,35,42,41,42,42,67,81432039074,12.1,2022-12-09T14:30:57Z,0.59
c4257c0qi9clu8nikfgg,c50fv8u7kn8vcc9cd6cg,False,True,36.0036,-78.93817,4,4,4,4,17,4,8143,34,40,40,40,40,65,81432039074,12.4,2022-12-09T14:45:57Z,0.59
c4257c0qi9clu8nikfgg,c50fv8u7kn8vcc9cd6cg,False,True,36.0036,-78.93817,4,4,4,4,17,4,8143,33,39,39,39,39,63,81432039074,12.5,2022-12-09T15:00:57Z,0.58
c4257c0qi9clu8nikfgg,c50fv8u7kn8vcc9cd6cg,False,True,36.0036,-78.93817,4,4,4,4,17,4,8143,32,38,38,38,38,63,81432039074,11.5,2022-12-09T15:15:57Z,0.55
c4257c0qi9clu8nikfgg,c50fv8u7kn8vcc9cd6cg,False,True,36.0036,-78.93817,4,4,4,4,17,4,8143,32,37,37,37,37,64,81432039074,11.5,2022-12-09T15:30:57Z,0.57
c4257c0qi9clu8nikfgg,c50fv8u7kn8vcc9cd6cg,False,True,36.0036,-78.93817,4,4,4,4,17,4,8143,31,37,37,37,37,59,81432039074,13.3,2022-12-09T15:45:57Z,0.57
c4257c0qi9clu8nikfgg,c50fv8u7kn8vcc9cd6cg,False,True,36.0036,-78.93817,4,4,4,4,17,4,8143,31,37,37,37,37,56,81432039074,14.1,2022-12-09T16:00:57Z,0.57
c4257c0qi9clu8nikfgg,c50fv8u7kn8vcc9cd6cg,False,True,36.0036,-78.93817,4,4,4,4,17,4,8143,31,37,36,37,37,54,81432039074,14.1,2022-12-09T16:15:57Z,0.56
c4257c0qi9clu8nikfgg,c50fv8u7kn8vcc9cd6cg,False,True,36.0036,-78.93817,4,4,4,4,17,4,8143,30,36,36,36,36,54,81432039074,14.3,2022-12-09T16:30:57Z,0.57
c4257c0qi9clu8nikfgg,c50fv8u7kn8vcc9cd6cg,False,True,36.0036,-78.93817,4,4,4,4,17,4,8143,30,35,35,35,35,51,81432039074,14.4,2022-12-09T16:45:57Z,0.56
c4257c0qi9clu8nikfgg,c50fv8u7kn8vcc9cd6cg,False,True,36.0036,-78.93817,4,4,3,4,17,4,8143,28,33,33,33,33,50,81432039074,14.8,2022-12-09T17:00:57Z,0.55
c4257c0qi9clu8nikfgg,c50fv8u7kn8vcc9cd6cg,False,True,36.0036,-78.93817,4,4,3,4,17,4,8143,28,33,33,33,33,49,81432039074,15.2,2022-12-09T17:15:57Z,0.57
c4257c0qi9clu8nikfgg,c50fv8u7kn8vcc9cd6cg,False,True,36.0036,-78.93817,4,4,4,4,17,4,8143,28,34,33,34,34,49,81432039074,15.5,2022-12-09T17:30:57Z,0.56
c4257c0qi9clu8nikfgg,c50fv8u7kn8vcc9cd6cg,False,True,36.0036,-78.93817,4,4,3,4,17,4,8143,28,33,32,33,33,45,81432039074,17.2,2022-12-09T17:45:57Z,0.56
c4257c0qi9clu8nikfgg,c50fv8u7kn8vcc9cd6cg,False,True,36.0036,-78.93817,4,4,4,4,17,4,8143,28,33,33,33,33,38,81432039074,19.6,2022-12-09T18:00:57Z,0.55
c4257c0qi9clu8nikfgg,c50fv8u7kn8vcc9cd6cg,False,True,36.0036,-78.93817,4,4,4,4,17,4,8143,27,32,32,32,32,36,81432039074,21.2,2022-12-09T18:15:57Z,0.55
c4257c0qi9clu8nikfgg,c50fv8u7kn8vcc9cd6cg,False,True,36.0036,-78.93817,4,4,4,4,17,4,8143,28,33,33,33,33,38,81432039074,19.5,2022-12-09T18:30:57Z,0.55
c4257c0qi9clu8nikfgg,c50fv8u7kn8vcc9cd6cg,False,True,36.0036,-78.93817,4,4,3,4,17,4,8143,27,32,32,32,32,41,81432039074,17.9,2022-12-09T18:45:57Z,0.56
c4257c0qi9clu8nikfgg,c50fv8u7kn8vcc9cd6cg,False,True,36.0036,-78.93817,4,4,4,4,17,4,8143,28,33,33,33,33,42,81432039074,18.1,2022-12-09T19:00:57Z,0.56
c4257c0qi9clu8nikfgg,c50fv8u7kn8vcc9cd6cg,False,True,36.0036,-78.93817,4,4,4,4,17,4,8143,27,32,32,32,32,38,81432039074,20.8,2022-12-09T19:15:57Z,0.54
c4257c0qi9clu8nikfgg,c50fv8u7kn8vcc9cd6cg,False,True,36.0036,-78.93817,4,4,4,4,17,4,8143,27,32,32,32,32,34,81432039074,22.6,2022-12-09T19:30:57Z,0.55
c4257c0qi9clu8nikfgg,c50fv8u7kn8vcc9cd6cg,False,True,36.0036,-78.93817,4,4,3,4,17,4,8143,26,31,31,31,31,34,81432039074,22.7,2022-12-09T19:45:57Z,0.55
c4257c0qi9clu8nikfgg,c50fv8u7kn8vcc9cd6cg,False,True,36.0036,-78.93817,4,4,4,4,17,4,8143,27,32,32,32,32,35,81432039074,22.4,2022-12-09T20:00:57Z,0.53
c4257c0qi9clu8nikfgg,c50fv8u7kn8vcc9cd6cg,False,True,36.0036,-78.93817,4,4,4,4,17,4,8143,28,34,33,34,34,35,81432039074,22.1,2022-12-09T20:15:57Z,0.56
c4257c0qi9clu8nikfgg,c50fv8u7kn8vcc9cd6cg,False,True,36.0036,-78.93817,4,4,4,4,17,4,8143,29,34,34,34,34,40,81432039074,18.8,2022-12-09T20:30:57Z,0.54
c4257c0qi9clu8nikfgg,c50fv8u7kn8vcc9cd6cg,False,True,36.0036,-78.93817,4,4,4,4,17,4,8143,28,33,33,33,33,45,81432039074,16.5,2022-12-09T20:45:57Z,0.56
c4257c0qi9clu8nikfgg,c50fv8u7kn8vcc9cd6cg,False,True,36.0036,-78.93817,4,4,4,4,17,4,8143,30,35,35,35,35,49,81432039074,15.2,2022-12-09T21:00:57Z,0.57
c4257c0qi9clu8nikfgg,c50fv8u7kn8vcc9cd6cg,False,True,36.0036,-78.93817,4,4,4,4,17,4,8143,31,36,36,36,36,51,81432039074,14.6,2022-12-09T21:15:57Z,0.58
c4257c0qi9clu8nikfgg,c50fv8u7kn8vcc9cd6cg,False,True,36.0036,-78.93817,4,4,4,4,17,4,8143,31,37,37,37,37,53,81432039074,13.9,2022-12-09T21:30:57Z,0.57
c4257c0qi9clu8nikfgg,c50fv8u7kn8vcc9cd6cg,False,True,36.0036,-78.93817,4,4,4,4,17,4,8143,33,39,39,39,39,55,81432039074,12.9,2022-12-09T21:45:57Z,0.56
c4257c0qi9clu8nikfgg,c50fv8u7kn8vcc9cd6cg,False,True,36.0036,-78.93817,4,4,4,4,17,4,8143,33,39,39,39,39,59,81432039074,11.8,2022-12-09T22:00:57Z,0.56
c4257c0qi9clu8nikfgg,c50fv8u7kn8vcc9cd6cg,False,True,36.0036,-78.93817,4,4,4,4,17,4,8143,34,40,40,40,40,61,81432039074,11.2,2022-12-09T22:15:57Z,0.57
c4257c0qi9clu8nikfgg,c50fv8u7kn8vcc9cd6cg,False,True,36.0036,-78.93817,4,4,4,4,17,4,8143,34,40,40,40,40,61,81432039074,10.9,2022-12-09T22:30:57Z,0.57
c4257c0qi9clu8nikfgg,c50fv8u7kn8vcc9cd6cg,False,True,36.0036,-78.93817,5,5,4,5,21,5,8143,36,43,43,43,43,62,81432039074,10.7,2022-12-09T22:45:57Z,0.55
c4257c0qi9clu8nikfgg,c50fv8u7kn8vcc9cd6cg,False,True,36.0036,-78.93817,5,5,5,5,21,5,8143,38,45,45,45,45,63,81432039074,10.4,2022-12-09T23:00:57Z,0.57
c4257c0qi9clu8nikfgg,c50fv8u7kn8vcc9cd6cg,False,True,36.0036,-78.93817,5,5,5,5,21,5,8143,41,48,48,48,48,64,81432039074,10.3,2022-12-09T23:15:57Z,0.56
c4257c0qi9clu8nikfgg,c50fv8u7kn8vcc9cd6cg,False,True,36.0036,-78.93817,5,5,5,5,21,5,8143,40,47,47,47,47,64,81432039074,10.2,2022-12-09T23:30:57Z,0.57
c4257c0qi9clu8nikfgg,c50fv8u7kn8vcc9cd6cg,False,True,36.0036,-78.93817,5,5,5,5,21,5,8143,39,46,46,46,46,65,81432039074,9.9,2022-12-09T23:45:57Z,0.58
c4257c0qi9clu8nikfgg,c50fv8u7kn8vcc9cd6cg,False,True,36.0036,-78.93817,5,5,5,5,21,5,8143,41,49,49,49,49,66,81432039074,9.8,2022-12-10T00:00:57Z,0.56
c4257c0qi9clu8nikfgg,c50fv8u7kn8vcc9cd6cg,False,True,36.0036,-78.93817,5,5,5,5,21,5,8143,43,51,51,51,51,67,81432039074,9.7,2022-12-10T00:15:57Z,0.56
c4257c0qi9clu8nikfgg,c50fv8u7kn8vcc9cd6cg,False,True,36.0036,-78.93817,5,5,5,5,21,5,8143,43,50,50,50,50,67,81432039074,9.8,2022-12-10T00:30:57Z,0.54
c4257c0qi9clu8nikfgg,c50fv8u7kn8vcc9cd6cg,False,True,36.0036,-78.93817,5,5,5,5,21,5,8143,42,50,50,50,50,67,81432039074,10.0,2022-12-10T00:45:57Z,0.55
c4257c0qi9clu8nikfgg,c50fv8u7kn8vcc9cd6cg,False,True,36.0036,-78.93817,5,5,5,5,21,5,8143,41,49,49,49,49,68,81432039074,9.8,2022-12-10T01:00:57Z,0.57
c4257c0qi9clu8nikfgg,c50fv8u7kn8vcc9cd6cg,False,True,36.0036,-78.93817,5,5,5,5,21,5,8143,43,51,51,51,51,67,81432039074,10.1,2022-12-10T01:15:57Z,0.55
c4257c0qi9clu8nikfgg,c50fv8u7kn8vcc9cd6cg,False,True,36.0036,-78.93817,5,5,5,5,21,5,8143,42,50,50,50,50,66,81432039074,10.5,2022-12-10T01:30:57Z,0.55
c4257c0qi9clu8nikfgg,c50fv8u7kn8vcc9cd6cg,False,True,36.0036,-78.93817,5,5,5,5,21,5,8143,40,48,47,48,48,65,81432039074,10.7,2022-12-10T01:45:57Z,0.56
c4257c0qi9clu8nikfgg,c50fv8u7kn8vcc9cd6cg,False,True,36.0036,-78.93817,5,5,4,5,21,5,8143,38,45,45,45,45,64,81432039074,10.7,2022-12-10T02:00:57Z,0.55
c4257c0qi9clu8nikfgg,c50fv8u7kn8vcc9cd6cg,False,True,36.0036,-78.93817,5,5,4,5,21,5,8143,37,44,44,44,44,65,81432039074,10.6,2022-12-10T02:15:57Z,0.55
c4257c0qi9clu8nikfgg,c50fv8u7kn8vcc9cd6cg,False,True,36.0036,-78.93817,5,5,4,5,21,5,8143,37,44,44,44,44,65,81432039074,10.6,2022-12-10T02:30:57Z,0.56
c4257c0qi9clu8nikfgg,c50fv8u7kn8vcc9cd6cg,False,True,36.0036,-78.93817,5,5,4,5,21,5,8143,37,43,43,43,43,65,81432039074,10.6,2022-12-10T02:45:57Z,0.56
c4257c0qi9clu8nikfgg,c50fv8u7kn8vcc9cd6cg,False,True,36.0036,-78.93817,5,5,4,5,21,5,8143,36,43,43,43,43,64,81432039074,10.7,2022-12-10T03:00:57Z,0.53
c4257c0qi9clu8nikfgg,c50fv8u7kn8vcc9cd6cg,False,True,36.0036,-78.93817,4,4,4,4,17,4,8143,36,42,42,42,42,63,81432039074,10.5,2022-12-10T03:15:57Z,0.54
c4257c0qi9clu8nikfgg,c50fv8u7kn8vcc9cd6cg,False,True,36.0036,-78.93817,4,4,4,4,17,4,8143,36,42,42,42,42,65,81432039074,10.3,2022-12-10T03:30:57Z,0.55
c4257c0qi9clu8nikfgg,c50fv8u7kn8vcc9cd6cg,False,True,36.0036,-78.93817,4,4,4,4,17,4,8143,36,42,42,42,42,65,81432039074,10.2,2022-12-10T03:45:57Z,0.54
c4257c0qi9clu8nikfgg,c50fv8u7kn8vcc9cd6cg,False,True,36.0036,-78.93817,4,4,4,4,17,4,8143,35,41,41,41,41,65,81432039074,10.3,2022-12-10T04:00:57Z,0.55
c4257c0qi9clu8nikfgg,c50fv8u7kn8vcc9cd6cg,False,True,36.0036,-78.93817,4,4,4,4,17,4,8143,35,42,42,42,42,64,81432039074,10.5,2022-12-10T04:15:57Z,0.56
c4257c0qi9clu8nikfgg,c50fv8u7kn8vcc9cd6cg,False,True,36.0036,-78.93817,5,5,4,5,21,5,8143,36,43,43,43,43,64,81432039074,10.5,2022-12-10T04:30:57Z,0.55
c4257c0qi9clu8nikfgg,c50fv8u7kn8vcc9cd6cg,False,True,36.0036,-78.93817,4,4,4,4,17,4,8143,34,40,40,40,40,63,81432039074,10.5,2022-12-10T04:45:57Z,0.55
c4257c0qi9clu8nikfgg,c50fv8u7kn8vcc9cd6cg,False,True,36.0036,-78.93817,4,4,4,4,17,4,8143,33,40,39,40,40,62,81432039074,10.5,2022-12-10T05:00:57Z,0.54
c4257c0qi9clu8nikfgg,c50fv8u7kn8vcc9cd6cg,False,True,36.0036,-78.93817,4,4,4,4,17,4,8143,32,37,37,37,37,62,81432039074,10.5,2022-12-10T05:15:57Z,0.55
c4257c0qi9clu8nikfgg,c50fv8u7kn8vcc9cd6cg,False,True,36.0036,-78.93817,4,4,4,4,17,4,8143,33,39,38,39,39,61,81432039074,10.4,2022-12-10T05:30:57Z,0.55
c4257c0qi9clu8nikfgg,c50fv8u7kn8vcc9cd6cg,False,True,36.0036,-78.93817,4,4,4,4,17,4,8143,33,39,38,39,39,61,81432039074,10.4,2022-12-10T05:45:57Z,0.55
c4257c0qi9clu8nikfgg,c50fv8u7kn8vcc9cd6cg,False,True,36.0036,-78.93817,4,4,4,4,17,4,8143,33,39,39,39,39,62,81432039074,10.4,2022-12-10T06:00:57Z,0.56
c4257c0qi9clu8nikfgg,c50fv8u7kn8vcc9cd6cg,False,True,36.0036,-78.93817,4,4,4,4,17,4,8143,33,39,39,39,39,62,81432039074,10.3,2022-12-10T06:15:57Z,0.55
c4257c0qi9clu8nikfgg,c50fv8u7kn8vcc9cd6cg,False,True,36.0036,-78.93817,4,4,4,4,17,4,8143,33,39,39,39,39,62,81432039074,10.2,2022-12-10T06:30:57Z,0.55
c4257c0qi9clu8nikfgg,c50fv8u7kn8vcc9cd6cg,False,True,36.0036,-78.93817,4,4,4,4,17,4,8143,34,40,40,40,40,63,81432039074,10.1,2022-12-10T06:45:57Z,0.54
c4257c0qi9clu8nikfgg,c50fv8u7kn8vcc9cd6cg,False,True,36.0036,-78.93817,4,4,4,4,17,4,8143,35,41,41,41,41,64,81432039074,10.1,2022-12-10T07:00:57Z,0.55
c4257c0qi9clu8nikfgg,c50fv8u7kn8vcc9cd6cg,False,True,36.0036,-78.93817,4,4,4,4,17,4,8143,36,42,42,42,42,64,81432039074,10.0,2022-12-10T07:15:57Z,0.55
c4257c0qi9clu8nikfgg,c50fv8u7kn8vcc9cd6cg,False,True,36.0036,-78.93817,5,5,4,5,21,5,8143,36,43,43,43,43,64,81432039074,10.0,2022-12-10T07:30:57Z,0.55
c4257c0qi9clu8nikfgg,c50fv8u7kn8vcc9cd6cg,False,True,36.0036,-78.93817,5,5,4,5,21,5,8143,37,43,43,43,43,65,81432039074,10.1,2022-12-10T07:45:57Z,0.55
c4257c0qi9clu8nikfgg,c50fv8u7kn8vcc9cd6cg,False,True,36.0036,-78.93817,4,4,4,4,17,4,8143,36,42,42,42,42,64,81432039074,10.0,2022-12-10T08:00:57Z,0.55
c4257c0qi9clu8nikfgg,c50fv8u7kn8vcc9cd6cg,False,True,36.0036,-78.93817,4,4,4,4,17,4,8143,36,42,42,42,42,64,81432039074,9.9,2022-12-10T08:15:57Z,0.55
c4257c0qi9clu8nikfgg,c50fv8u7kn8vcc9cd6cg,False,True,36.0036,-78.93817,4,4,4,4,17,4,8143,35,41,41,41,41,65,81432039074,9.9,2022-12-10T08:30:57Z,0.57
c4257c0qi9clu8nikfgg,c50fv8u7kn8vcc9cd6cg,False,True,36.0036,-78.93817,4,4,4,4,17,4,8143,34,40,40,40,40,65,81432039074,9.8,2022-12-10T08:45:57Z,0.55
c4257c0qi9clu8nikfgg,c50fv8u7kn8vcc9cd6cg,False,True,36.0036,-78.93817,4,4,4,4,17,4,8143,34,40,39,40,40,65,81432039074,9.8,2022-12-10T09:00:57Z,0.54
c4257c0qi9clu8nikfgg,c50fv8u7kn8vcc9cd6cg,False,True,36.0036,-78.93817,4,4,4,4,17,4,8143,34,40,40,40,40,66,81432039074,9.8,2022-12-10T09:15:57Z,0.54
c4257c0qi9clu8nikfgg,c50fv8u7kn8vcc9cd6cg,False,True,36.0036,-78.93817,4,4,4,4,17,4,8143,33,39,39,39,39,65,81432039074,9.7,2022-12-10T09:30:57Z,0.54
c4257c0qi9clu8nikfgg,c50fv8u7kn8vcc9cd6cg,False,True,36.0036,-78.93817,4,4,4,4,17,4,8143,31,36,36,36,36,65,81432039074,9.6,2022-12-10T09:45:57Z,0.54
c4257c0qi9clu8nikfgg,c50fv8u7kn8vcc9cd6cg,False,True,36.0036,-78.93817,4,4,4,4,17,4,8143,31,36,36,36,36,66,81432039074,9.5,2022-12-10T10:00:57Z,0.52
c4257c0qi9clu8nikfgg,c50fv8u7kn8vcc9cd6cg,False,True,36.0036,-78.93817,4,4,3,4,17,4,8143,29,34,34,34,34,65,81432039074,9.5,2022-12-10T10:15:57Z,0.55
c4257c0qi9clu8nikfgg,c50fv8u7kn8vcc9cd6cg,False,True,36.0036,-78.93817,3,3,3,3,13,3,8143,28,33,33,33,33,65,81432039074,9.4,2022-12-10T10:30:57Z,0.55
c4257c0qi9clu8nikfgg,c50fv8u7kn8vcc9cd6cg,False,True,36.0036,-78.93817,4,4,3,4,17,4,8143,30,35,35,35,35,65,81432039074,9.4,2022-12-10T10:45:57Z,0.54
c4257c0qi9clu8nikfgg,c50fv8u7kn8vcc9cd6cg,False,True,36.0036,-78.93817,4,4,3,4,17,4,8143,29,35,35,35,35,66,81432039074,9.4,2022-12-10T11:00:57Z,0.53
c4257c0qi9clu8nikfgg,c50fv8u7kn8vcc9cd6cg,False,True,36.0036,-78.93817,4,4,3,4,17,4,8143,29,35,34,34,35,66,81432039074,9.3,2022-12-10T11:15:57Z,0.54
c4257c0qi9clu8nikfgg,c50fv8u7kn8vcc9cd6cg,False,True,36.0036,-78.93817,4,4,3,4,17,4,8143,30,35,35,35,35,66,81432039074,9.3,2022-12-10T11:30:57Z,0.53
c4257c0qi9clu8nikfgg,c50fv8u7kn8vcc9cd6cg,False,True,36.0036,-78.93817,4,4,3,4,17,4,8143,28,34,33,34,34,66,81432039074,9.3,2022-12-10T11:45:57Z,0.54
c4257c0qi9clu8nikfgg,c50fv8u7kn8vcc9cd6cg,False,True,36.0036,-78.93817,3,3,3,3,13,3,8143,28,33,33,33,33,66,81432039074,9.2,2022-12-10T12:00:57Z,0.53
c4257c0qi9clu8nikfgg,c50fv8u7kn8vcc9cd6cg,False,True,36.0036,-78.93817,3,3,3,3,13,3,8143,26,31,31,31,31,65,81432039074,9.1,2022-12-10T12:15:57Z,0.53
c4257c0qi9clu8nikfgg,c50fv8u7kn8vcc9cd6cg,False,True,36.0036,-78.93817,3,3,3,3,13,3,8143,26,30,30,30,30,64,81432039074,9.2,2022-12-10T12:30:57Z,0.55
c4257c0qi9clu8nikfgg,c50fv8u7kn8vcc9cd6cg,False,True,36.0036,-78.93817,3,3,3,3,13,3,8143,24,28,28,28,28,63,81432039074,9.3,2022-12-10T12:45:57Z,0.52
c4257c0qi9clu8nikfgg,c50fv8u7kn8vcc9cd6cg,False,True,36.0036,-78.93817,3,3,2,3,13,3,8143,20,24,24,24,24,59,81432039074,9.5,2022-12-10T13:00:57Z,0.54
c4257c0qi9clu8nikfgg,c50fv8u7kn8vcc9cd6cg,False,True,36.0036,-78.93817,3,3,2,3,13,3,8143,21,25,25,25,25,58,81432039074,9.6,2022-12-10T13:15:57Z,0.52
c4257c0qi9clu8nikfgg,c50fv8u7kn8vcc9cd6cg,False,True,36.0036,-78.93817,3,3,2,3,13,3,8143,21,24,24,24,24,57,81432039074,9.9,2022-12-10T13:30:57Z,0.52
c4257c0qi9clu8nikfgg,c50fv8u7kn8vcc9cd6cg,False,True,36.0036,-78.93817,3,3,3,3,13,3,8143,23,27,27,27,27,56,81432039074,10.3,2022-12-10T13:45:57Z,0.54
c4257c0qi9clu8nikfgg,c50fv8u7kn8vcc9cd6cg,False,True,36.0036,-78.93817,3,3,3,3,13,3,8143,25,30,29,30,30,55,81432039074,10.7,2022-12-10T14:00:57Z,0.55
c4257c0qi9clu8nikfgg,c50fv8u7kn8vcc9cd6cg,False,True,36.0036,-78.93817,3,3,3,3,13,3,8143,26,30,30,30,30,55,81432039074,11.0,2022-12-10T14:15:57Z,0.56
c4257c0qi9clu8nikfgg,c50fv8u7kn8vcc9cd6cg,False,True,36.0036,-78.93817,3,3,3,3,13,3,8143,27,32,32,32,32,54,81432039074,11.5,2022-12-10T14:30:57Z,0.55
c4257c0qi9clu8nikfgg,c50fv8u7kn8vcc9cd6cg,False,True,36.0036,-78.93817,3,3,3,3,13,3,8143,27,32,32,32,32,54,81432039074,11.7,2022-12-10T14:45:57Z,0.55
c4257c0qi9clu8nikfgg,c50fv8u7kn8vcc9cd6cg,False,True,36.0036,-78.93817,4,4,4,4,17,4,8143,30,36,35,36,36,53,81432039074,11.9,2022-12-10T15:00:57Z,0.55
c4257c0qi9clu8nikfgg,c50fv8u7kn8vcc9cd6cg,False,True,36.0036,-78.93817,4,4,4,4,17,4,8143,30,35,35,35,35,54,81432039074,12.0,2022-12-10T15:15:57Z,0.56
c4257c0qi9clu8nikfgg,c50fv8u7kn8vcc9cd6cg,False,True,36.0036,-78.93817,4,4,4,4,17,4,8143,30,35,35,35,35,53,81432039074,12.8,2022-12-10T15:30:57Z,0.55
c4257c0qi9clu8nikfgg,c50fv8u7kn8vcc9cd6cg,False,True,36.0036,-78.93817,4,4,3,4,17,4,8143,28,33,33,33,33,50,81432039074,13.9,2022-12-10T15:45:57Z,0.56
c4257c0qi9clu8nikfgg,c50fv8u7kn8vcc9cd6cg,False,True,36.0036,-78.93817,3,3,3,3,13,3,8143,26,31,31,31,31,47,81432039074,14.8,2022-12-10T16:00:57Z,0.53
c4257c0qi9clu8nikfgg,c50fv8u7kn8vcc9cd6cg,False,True,36.0036,-78.93817,3,3,3,3,13,3,8143,26,31,31,31,31,46,81432039074,14.9,2022-12-10T16:15:57Z,0.57
c4257c0qi9clu8nikfgg,c50fv8u7kn8vcc9cd6cg,False,True,36.0036,-78.93817,3,3,3,3,13,3,8143,27,32,32,32,32,46,81432039074,14.5,2022-12-10T16:30:57Z,0.56
c4257c0qi9clu8nikfgg,c50fv8u7kn8vcc9cd6cg,False,True,36.0036,-78.93817,4,4,3,4,17,4,8143,28,33,33,33,33,45,81432039074,14.7,2022-12-10T16:45:57Z,0.56
c4257c0qi9clu8nikfgg,c50fv8u7kn8vcc9cd6cg,False,True,36.0036,-78.93817,4,4,3,4,17,4,8143,28,33,32,33,33,46,81432039074,15.0,2022-12-10T17:00:57Z,0.55
c4257c0qi9clu8nikfgg,c50fv8u7kn8vcc9cd6cg,False,True,36.0036,-78.93817,4,4,3,4,17,4,8143,28,33,33,33,33,46,81432039074,14.7,2022-12-10T17:15:57Z,0.55
c4257c0qi9clu8nikfgg,c50fv8u7kn8vcc9cd6cg,False,True,36.0036,-78.93817,4,4,3,4,17,4,8143,27,32,32,32,32,45,81432039074,14.6,2022-12-10T17:30:57Z,0.54
c4257c0qi9clu8nikfgg,c50fv8u7kn8vcc9cd6cg,False,True,36.0036,-78.93817,3,3,3,3,13,3,8143,27,32,31,32,32,46,81432039074,14.2,2022-12-10T17:45:57Z,0.57
c4257c0qi9clu8nikfgg,c50fv8u7kn8vcc9cd6cg,False,True,36.0036,-78.93817,3,3,3,3,13,3,8143,26,31,31,31,31,47,81432039074,13.9,2022-12-10T18:00:57Z,0.54
c4257c0qi9clu8nikfgg,c50fv8u7kn8vcc9cd6cg,False,True,36.0036,-78.93817,3,3,3,3,13,3,8143,26,30,30,30,30,47,81432039074,14.1,2022-12-10T18:15:57Z,0.55
c4257c0qi9clu8nikfgg,c50fv8u7kn8vcc9cd6cg,False,True,36.0036,-78.93817,3,3,3,3,13,3,8143,26,31,31,31,31,47,81432039074,14.2,2022-12-10T18:30:57Z,0.55
c4257c0qi9clu8nikfgg,c50fv8u7kn8vcc9cd6cg,False,True,36.0036,-78.93817,3,3,3,3,13,3,8143,25,29,29,29,29,47,81432039074,14.0,2022-12-10T18:45:57Z,0.56
c4257c0qi9clu8nikfgg,c50fv8u7kn8vcc9cd6cg,False,True,36.0036,-78.93817,3,3,3,3,13,3,8143,24,29,29,29,29,47,81432039074,13.7,2022-12-10T19:00:57Z,0.56
c4257c0qi9clu8nikfgg,c50fv8u7kn8vcc9cd6cg,False,True,36.0036,-78.93817,3,3,3,3,13,3,8143,24,28,28,28,28,48,81432039074,13.2,2022-12-10T19:15:57Z,0.55
c4257c0qi9clu8nikfgg,c50fv8u7kn8vcc9cd6cg,False,True,36.0036,-78.93817,3,3,3,3,13,3,8143,24,28,28,28,28,50,81432039074,12.9,2022-12-10T19:30:57Z,0.55
c4257c0qi9clu8nikfgg,c50fv8u7kn8vcc9cd6cg,False,True,36.0036,-78.93817,3,3,3,3,13,3,8143,23,28,28,28,28,50,81432039074,12.8,2022-12-10T19:45:57Z,0.55
c4257c0qi9clu8nikfgg,c50fv8u7kn8vcc9cd6cg,False,True,36.0036,-78.93817,3,3,3,3,13,3,8143,23,27,27,27,27,50,81432039074,12.8,2022-12-10T20:00:57Z,0.54
c4257c0qi9clu8nikfgg,c50fv8u7kn8vcc9cd6cg,False,True,36.0036,-78.93817,3,3,3,3,13,3,8143,22,26,26,26,26,50,81432039074,12.5,2022-12-10T20:15:57Z,0.55
c4257c0qi9clu8nikfgg,c50fv8u7kn8vcc9cd6cg,False,True,36.0036,-78.93817,3,3,3,3,13,3,8143,21,25,25,25,25,50,81432039074,12.2,2022-12-10T20:30:57Z,0.54
c4257c0qi9clu8nikfgg,c50fv8u7kn8vcc9cd6cg,False,True,36.0036,-78.93817,3,3,3,3,13,3,8143,21,25,25,25,25,51,81432039074,11.8,2022-12-10T20:45:57Z,0.55
c4257c0qi9clu8nikfgg,c50fv8u7kn8vcc9cd6cg,False,True,36.0036,-78.93817,3,3,3,3,13,3,8143,21,25,25,25,25,52,81432039074,11.6,2022-12-10T21:00:57Z,0.55
c4257c0qi9clu8nikfgg,c50fv8u7kn8vcc9cd6cg,False,True,36.0036,-78.93817,3,3,3,3,13,3,8143,22,26,26,26,26,52,81432039074,11.3,2022-12-10T21:15:57Z,0.54
c4257c0qi9clu8nikfgg,c50fv8u7kn8vcc9cd6cg,False,True,36.0036,-78.93817,3,3,3,3,13,3,8143,22,26,26,26,26,52,81432039074,11.1,2022-12-10T21:30:57Z,0.56
c4257c0qi9clu8nikfgg,c50fv8u7kn8vcc9cd6cg,False,True,36.0036,-78.93817,3,3,3,3,13,3,8143,22,26,26,26,26,51,81432039074,11.0,2022-12-10T21:45:57Z,0.55
c4257c0qi9clu8nikfgg,c50fv8u7kn8vcc9cd6cg,False,True,36.0036,-78.93817,2,2,2,2,8,2,8143,20,23,23,23,23,49,81432039074,10.9,2022-12-10T22:00:57Z,0.56
c4257c0qi9clu8nikfgg,c50fv8u7kn8vcc9cd6cg,False,True,36.0036,-78.93817,2,2,2,2,8,2,8143,18,22,22,22,22,46,81432039074,10.7,2022-12-10T22:15:57Z,0.56
c4257c0qi9clu8nikfgg,c50fv8u7kn8vcc9cd6cg,False,True,36.0036,-78.93817,2,2,2,2,8,2,8143,19,23,23,23,23,47,81432039074,10.6,2022-12-10T22:30:57Z,0.54
c4257c0qi9clu8nikfgg,c50fv8u7kn8vcc9cd6cg,False,True,36.0036,-78.93817,3,3,3,3,13,3,8143,23,27,27,27,27,49,81432039074,10.4,2022-12-10T22:45:57Z,0.55
c4257c0qi9clu8nikfgg,c50fv8u7kn8vcc9cd6cg,False,True,36.0036,-78.93817,3,3,3,3,13,3,8143,23,28,28,28,28,51,81432039074,10.2,2022-12-10T23:00:57Z,0.55
c4257c0qi9clu8nikfgg,c50fv8u7kn8vcc9cd6cg,False,True,36.0036,-78.93817,3,3,3,3,13,3,8143,23,27,27,27,27,52,81432039074,10.1,2022-12-10T23:15:57Z,0.57
c4257c0qi9clu8nikfgg,c50fv8u7kn8vcc9cd6cg,False,True,36.0036,-78.93817,3,3,3,3,13,3,8143,25,29,29,29,29,53,81432039074,10.1,2022-12-10T23:30:57Z,0.54
c4257c0qi9clu8nikfgg,c50fv8u7kn8vcc9cd6cg,False,True,36.0036,-78.93817,3,3,3,3,13,3,8143,25,30,30,30,30,53,81432039074,10.1,2022-12-10T23:45:57Z,0.56
c4257c0qi9clu8nikfgg,c50fv8u7kn8vcc9cd6cg,False,True,36.0036,-78.93817,3,3,3,3,13,3,8143,23,28,27,28,28,54,81432039074,10.0,2022-12-11T00:00:57Z,0.55
c4257c0qi9clu8nikfgg,c50fv8u7kn8vcc9cd6cg,False,True,36.0036,-78.93817,3,3,3,3,13,3,8143,23,27,27,27,27,54,81432039074,9.9,2022-12-11T00:15:57Z,0.55
c4257c0qi9clu8nikfgg,c50fv8u7kn8vcc9cd6cg,False,True,36.0036,-78.93817,3,3,3,3,13,3,8143,23,27,27,27,27,54,81432039074,9.9,2022-12-11T00:30:57Z,0.55
c4257c0qi9clu8nikfgg,c50fv8u7kn8vcc9cd6cg,False,True,36.0036,-78.93817,3,3,2,3,13,3,8143,21,25,25,25,25,53,81432039074,9.6,2022-12-11T00:45:57Z,0.54
c4257c0qi9clu8nikfgg,c50fv8u7kn8vcc9cd6cg,False,True,36.0036,-78.93817,3,3,2,3,13,3,8143,21,25,25,25,25,54,81432039074,9.5,2022-12-11T01:00:57Z,0.54
c4257c0qi9clu8nikfgg,c50fv8u7kn8vcc9cd6cg,False,True,36.0036,-78.93817,3,3,2,3,13,3,8143,21,25,25,25,25,53,81432039074,9.5,2022-12-11T01:15:57Z,0.55
c4257c0qi9clu8nikfgg,c50fv8u7kn8vcc9cd6cg,False,True,36.0036,-78.93817,3,3,3,3,13,3,8143,22,26,26,26,26,53,81432039074,9.5,2022-12-11T01:30:57Z,0.55
c4257c0qi9clu8nikfgg,c50fv8u7kn8vcc9cd6cg,False,True,36.0036,-78.93817,3,3,3,3,13,3,8143,24,28,28,28,28,54,81432039074,9.5,2022-12-11T01:45:57Z,0.55
c4257c0qi9clu8nikfgg,c50fv8u7kn8vcc9cd6cg,False,True,36.0036,-78.93817,3,3,3,3,13,3,8143,25,29,29,29,29,54,81432039074,9.4,2022-12-11T02:00:57Z,0.56
c4257c0qi9clu8nikfgg,c50fv8u7kn8vcc9cd6cg,False,True,36.0036,-78.93817,3,3,3,3,13,3,8143,24,29,28,29,29,54,81432039074,9.4,2022-12-11T02:15:57Z,0.54
c4257c0qi9clu8nikfgg,c50fv8u7kn8vcc9cd6cg,False,True,36.0036,-78.93817,3,3,3,3,13,3,8143,26,31,31,31,31,55,81432039074,9.3,2022-12-11T02:30:57Z,0.55
c4257c0qi9clu8nikfgg,c50fv8u7kn8vcc9cd6cg,False,True,36.0036,-78.93817,3,3,3,3,13,3,8143,27,32,32,32,32,55,81432039074,9.3,2022-12-11T02:45:57Z,0.55
c4257c0qi9clu8nikfgg,c50fv8u7kn8vcc9cd6cg,False,True,36.0036,-78.93817,4,4,3,4,17,4,8143,29,34,34,34,34,56,81432039074,9.0,2022-12-11T03:00:57Z,0.54
c4257c0qi9clu8nikfgg,c50fv8u7kn8vcc9cd6cg,False,True,36.0036,-78.93817,4,4,3,4,17,4,8143,29,35,34,35,35,56,81432039074,9.0,2022-12-11T03:15:57Z,0.56
c4257c0qi9clu8nikfgg,c50fv8u7kn8vcc9cd6cg,False,True,36.0036,-78.93817,3,3,3,3,13,3,8143,27,31,31,31,31,57,81432039074,9.0,2022-12-11T03:30:57Z,0.55
c4257c0qi9clu8nikfgg,c50fv8u7kn8vcc9cd6cg,False,True,36.0036,-78.93817,4,4,3,4,17,4,8143,29,34,34,34,34,57,81432039074,9.0,2022-12-11T03:45:57Z,0.54
c4257c0qi9clu8nikfgg,c50fv8u7kn8vcc9cd6cg,False,True,36.0036,-78.93817,4,4,4,4,17,4,8143,30,36,36,36,36,57,81432039074,9.1,2022-12-11T04:00:57Z,0.56
c4257c0qi9clu8nikfgg,c50fv8u7kn8vcc9cd6cg,False,True,36.0036,-78.93817,4,4,3,4,17,4,8143,29,35,34,35,35,57,81432039074,9.2,2022-12-11T04:15:57Z,0.55
c4257c0qi9clu8nikfgg,c50fv8u7kn8vcc9cd6cg,False,True,36.0036,-78.93817,3,3,3,3,13,3,8143,28,33,33,33,33,56,81432039074,9.2,2022-12-11T04:30:57Z,0.58
c4257c0qi9clu8nikfgg,c50fv8u7kn8vcc9cd6cg,False,True,36.0036,-78.93817,4,4,3,4,17,4,8143,29,35,35,35,35,57,81432039074,9.2,2022-12-11T04:45:57Z,0.54
c4257c0qi9clu8nikfgg,c50fv8u7kn8vcc9cd6cg,False,True,36.0036,-78.93817,4,4,3,4,17,4,8143,30,35,35,35,35,58,81432039074,9.2,2022-12-11T05:00:57Z,0.55
c4257c0qi9clu8nikfgg,c50fv8u7kn8vcc9cd6cg,False,True,36.0036,-78.93817,4,4,3,4,17,4,8143,30,35,35,35,35,58,81432039074,9.2,2022-12-11T05:15:57Z,0.55
c4257c0qi9clu8nikfgg,c50fv8u7kn8vcc9cd6cg,False,True,36.0036,-78.93817,4,4,4,4,17,4,8143,31,36,36,36,36,59,81432039074,9.1,2022-12-11T05:30:57Z,0.55
c4257c0qi9clu8nikfgg,c50fv8u7kn8vcc9cd6cg,False,True,36.0036,-78.93817,4,4,3,4,17,4,8143,30,35,35,35,35,58,81432039074,9.1,2022-12-11T05:45:57Z,0.54
c4257c0qi9clu8nikfgg,c50fv8u7kn8vcc9cd6cg,False,True,36.0036,-78.93817,4,4,3,4,17,4,8143,29,34,34,34,34,58,81432039074,9.1,2022-12-11T06:00:57Z,0.56
c4257c0qi9clu8nikfgg,c50fv8u7kn8vcc9cd6cg,False,True,36.0036,-78.93817,4,4,4,4,17,4,8143,30,36,35,36,36,57,81432039074,9.1,2022-12-11T06:15:57Z,0.55
c4257c0qi9clu8nikfgg,c50fv8u7kn8vcc9cd6cg,False,True,36.0036,-78.93817,4,4,4,4,17,4,8143,32,38,38,38,38,57,81432039074,9.2,2022-12-11T06:30:57Z,0.52
c4257c0qi9clu8nikfgg,c50fv8u7kn8vcc9cd6cg,False,True,36.0036,-78.93817,4,4,4,4,17,4,8143,34,40,40,40,40,57,81432039074,9.1,2022-12-11T06:45:57Z,0.55
c4257c0qi9clu8nikfgg,c50fv8u7kn8vcc9cd6cg,False,True,36.0036,-78.93817,4,4,4,4,17,4,8143,34,40,39,40,40,56,81432039074,9.2,2022-12-11T07:00:57Z,0.52
c4257c0qi9clu8nikfgg,c50fv8u7kn8vcc9cd6cg,False,True,36.0036,-78.93817,4,4,4,4,17,4,8143,31,37,37,37,37,56,81432039074,9.2,2022-12-11T07:15:57Z,0.54
c4257c0qi9clu8nikfgg,c50fv8u7kn8vcc9cd6cg,False,True,36.0036,-78.93817,4,4,4,4,17,4,8143,31,36,36,36,36,56,81432039074,9.2,2022-12-11T07:30:57Z,0.56
c4257c0qi9clu8nikfgg,c50fv8u7kn8vcc9cd6cg,False,True,36.0036,-78.93817,4,4,4,4,17,4,8143,30,36,35,36,36,56,81432039074,9.0,2022-12-11T07:45:57Z,0.53
c4257c0qi9clu8nikfgg,c50fv8u7kn8vcc9cd6cg,False,True,36.0036,-78.93817,4,4,3,4,17,4,8143,30,35,35,35,35,56,81432039074,9.1,2022-12-11T08:00:57Z,0.56
c4257c0qi9clu8nikfgg,c50fv8u7kn8vcc9cd6cg,False,True,36.0036,-78.93817,4,4,3,4,17,4,8143,29,35,34,35,35,57,81432039074,9.1,2022-12-11T08:15:57Z,0.54
c4257c0qi9clu8nikfgg,c50fv8u7kn8vcc9cd6cg,False,True,36.0036,-78.93817,4,4,3,4,17,4,8143,30,36,35,36,36,57,81432039074,9.1,2022-12-11T08:30:57Z,0.55
c4257c0qi9clu8nikfgg,c50fv8u7kn8vcc9cd6cg,False,True,36.0036,-78.93817,4,4,4,4,17,4,8143,31,36,36,36,36,57,81432039074,9.0,2022-12-11T08:45:57Z,0.54
c4257c0qi9clu8nikfgg,c50fv8u7kn8vcc9cd6cg,False,True,36.0036,-78.93817,4,4,4,4,17,4,8143,32,37,37,37,37,57,81432039074,9.0,2022-12-11T09:00:57Z,0.55
c4257c0qi9clu8nikfgg,c50fv8u7kn8vcc9cd6cg,False,True,36.0036,-78.93817,4,4,4,4,17,4,8143,32,38,37,38,38,58,81432039074,9.0,2022-12-11T09:15:57Z,0.54
c4257c0qi9clu8nikfgg,c50fv8u7kn8vcc9cd6cg,False,True,36.0036,-78.93817,4,4,4,4,17,4,8143,32,38,38,38,38,58,81432039074,8.9,2022-12-11T09:30:57Z,0.55
c4257c0qi9clu8nikfgg,c50fv8u7kn8vcc9cd6cg,False,True,36.0036,-78.93817,4,4,4,4,17,4,8143,33,39,38,39,39,59,81432039074,8.8,2022-12-11T09:45:57Z,0.55
c4257c0qi9clu8nikfgg,c50fv8u7kn8vcc9cd6cg,False,True,36.0036,-78.93817,4,4,4,4,17,4,8143,33,39,39,39,39,59,81432039074,8.8,2022-12-11T10:00:57Z,0.55
c4257c0qi9clu8nikfgg,c50fv8u7kn8vcc9cd6cg,False,True,36.0036,-78.93817,4,4,4,4,17,4,8143,33,39,39,39,39,60,81432039074,8.7,2022-12-11T10:15:57Z,0.56
c4257c0qi9clu8nikfgg,c50fv8u7kn8vcc9cd6cg,False,True,36.0036,-78.93817,4,4,4,4,17,4,8143,32,38,38,38,38,61,81432039074,8.6,2022-12-11T10:30:57Z,0.54
c4257c0qi9clu8nikfgg,c50fv8u7kn8vcc9cd6cg,False,True,36.0036,-78.93817,4,4,4,4,17,4,8143,34,40,39,40,40,61,81432039074,8.6,2022-12-11T10:45:57Z,0.55
c4257c0qi9clu8nikfgg,c50fv8u7kn8vcc9cd6cg,False,True,36.0036,-78.93817,4,4,4,4,17,4,8143,33,39,39,39,39,61,81432039074,8.6,2022-12-11T11:00:57Z,0.55
c4257c0qi9clu8nikfgg,c50fv8u7kn8vcc9cd6cg,False,True,36.0036,-78.93817,4,4,4,4,17,4,8143,34,40,40,40,40,61,81432039074,8.7,2022-12-11T11:15:57Z,0.55
c4257c0qi9clu8nikfgg,c50fv8u7kn8vcc9cd6cg,False,True,36.0036,-78.93817,4,4,4,4,17,4,8143,33,39,39,39,39,61,81432039074,8.7,2022-12-11T11:30:57Z,0.55
c4257c0qi9clu8nikfgg,c50fv8u7kn8vcc9cd6cg,False,True,36.0036,-78.93817,4,4,4,4,17,4,8143,34,40,40,40,40,62,81432039074,8.7,2022-12-11T11:45:57Z,0.54
c4257c0qi9clu8nikfgg,c50fv8u7kn8vcc9cd6cg,False,True,36.0036,-78.93817,4,4,4,4,17,4,8143,35,41,41,41,41,62,81432039074,8.6,2022-12-11T12:00:57Z,0.55
c4257c0qi9clu8nikfgg,c50fv8u7kn8vcc9cd6cg,False,True,36.0036,-78.93817,4,4,4,4,17,4,8143,36,42,42,42,42,62,81432039074,8.6,2022-12-11T12:15:57Z,0.56
c4257c0qi9clu8nikfgg,c50fv8u7kn8vcc9cd6cg,False,True,36.0036,-78.93817,4,4,4,4,17,4,8143,37,43,43,43,43,62,81432039074,8.6,2022-12-11T12:30:57Z,0.55
c4257c0qi9clu8nikfgg,c50fv8u7kn8vcc9cd6cg,False,True,36.0036,-78.93817,4,4,4,4,17,4,8143,36,43,43,43,43,62,81432039074,8.7,2022-12-11T12:45:57Z,0.55
c4257c0qi9clu8nikfgg,c50fv8u7kn8vcc9cd6cg,False,True,36.0036,-78.93817,5,5,4,5,21,5,8143,37,44,44,44,44,61,81432039074,9.1,2022-12-11T13:00:57Z,0.56
c4257c0qi9clu8nikfgg,c50fv8u7kn8vcc9cd6cg,False,True,36.0036,-78.93817,5,5,4,5,21,5,8143,37,43,43,43,43,60,81432039074,9.8,2022-12-11T13:15:57Z,0.55
c4257c0qi9clu8nikfgg,c50fv8u7kn8vcc9cd6cg,False,True,36.0036,-78.93817,5,5,4,5,21,5,8143,36,43,43,43,43,59,81432039074,10.1,2022-12-11T13:30:57Z,0.55
c4257c0qi9clu8nikfgg,c50fv8u7kn8vcc9cd6cg,False,True,36.0036,-78.93817,4,4,4,4,17,4,8143,35,41,41,41,41,59,81432039074,10.1,2022-12-11T13:45:57Z,0.55
c4257c0qi9clu8nikfgg,c50fv8u7kn8vcc9cd6cg,False,True,36.0036,-78.93817,4,4,4,4,17,4,8143,35,41,41,41,41,58,81432039074,10.7,2022-12-11T14:00:57Z,0.54
c4257c0qi9clu8nikfgg,c50fv8u7kn8vcc9cd6cg,False,True,36.0036,-78.93817,4,4,4,4,17,4,8143,34,40,40,40,40,56,81432039074,11.4,2022-12-11T14:15:57Z,0.54
c4257c0qi9clu8nikfgg,c50fv8u7kn8vcc9cd6cg,False,True,36.0036,-78.93817,4,4,4,4,17,4,8143,34,41,40,41,41,55,81432039074,12.0,2022-12-11T14:30:57Z,0.54
c4257c0qi9clu8nikfgg,c50fv8u7kn8vcc9cd6cg,False,True,36.0036,-78.93817,4,4,4,4,17,4,8143,33,39,39,39,39,54,81432039074,12.6,2022-12-11T14:45:57Z,0.53
c4257c0qi9clu8nikfgg,c50fv8u7kn8vcc9cd6cg,False,True,36.0036,-78.93817,4,4,4,4,17,4,8143,33,39,39,39,39,52,81432039074,13.2,2022-12-11T15:00:57Z,0.54
c4257c0qi9clu8nikfgg,c50fv8u7kn8vcc9cd6cg,False,True,36.0036,-78.93817,4,4,4,4,17,4,8143,33,39,39,39,39,52,81432039074,13.3,2022-12-11T15:15:57Z,0.55
c4257c0qi9clu8nikfgg,c50fv8u7kn8vcc9cd6cg,False,True,36.0036,-78.93817,4,4,4,4,17,4,8143,34,40,40,40,40,52,81432039074,13.4,2022-12-11T15:30:57Z,0.55
c4257c0qi9clu8nikfgg,c50fv8u7kn8vcc9cd6cg,False,True,36.0036,-78.93817,4,4,4,4,17,4,8143,33,39,39,39,39,52,81432039074,13.7,2022-12-11T15:45:57Z,0.54
c4257c0qi9clu8nikfgg,c50fv8u7kn8vcc9cd6cg,False,True,36.0036,-78.93817,4,4,4,4,17,4,8143,31,37,37,37,37,50,81432039074,14.4,2022-12-11T16:00:57Z,0.55
c4257c0qi9clu8nikfgg,c50fv8u7kn8vcc9cd6cg,False,True,36.0036,-78.93817,4,4,4,4,17,4,8143,29,35,35,35,35,48,81432039074,15.2,2022-12-11T16:15:57Z,0.56
c4257c0qi9clu8nikfgg,c50fv8u7kn8vcc9cd6cg,False,True,36.0036,-78.93817,4,4,4,4,17,4,8143,28,33,33,33,33,46,81432039074,16.1,2022-12-11T16:30:57Z,0.55
c4257c0qi9clu8nikfgg,c50fv8u7kn8vcc9cd6cg,False,True,36.0036,-78.93817,3,3,3,3,13,3,8143,25,29,29,29,29,45,81432039074,16.4,2022-12-11T16:45:57Z,0.55
c4257c0qi9clu8nikfgg,c50fv8u7kn8vcc9cd6cg,False,True,36.0036,-78.93817,3,3,3,3,13,3,8143,26,31,31,31,31,44,81432039074,16.4,2022-12-11T17:00:57Z,0.55
c4257c0qi9clu8nikfgg,c50fv8u7kn8vcc9cd6cg,False,True,36.0036,-78.93817,4,4,3,4,17,4,8143,28,33,33,33,33,44,81432039074,16.9,2022-12-11T17:15:57Z,0.56
c4257c0qi9clu8nikfgg,c50fv8u7kn8vcc9cd6cg,False,True,36.0036,-78.93817,4,4,4,4,17,4,8143,29,35,34,35,35,43,81432039074,17.1,2022-12-11T17:30:57Z,0.55
c4257c0qi9clu8nikfgg,c50fv8u7kn8vcc9cd6cg,False,True,36.0036,-78.93817,4,4,4,4,17,4,8143,29,34,34,34,34,44,81432039074,16.8,2022-12-11T17:45:57Z,0.55
c4257c0qi9clu8nikfgg,c50fv8u7kn8vcc9cd6cg,False,True,36.0036,-78.93817,4,4,4,4,17,4,8143,30,35,35,35,35,45,81432039074,16.9,2022-12-11T18:00:57Z,0.55
c4257c0qi9clu8nikfgg,c50fv8u7kn8vcc9cd6cg,False,True,36.0036,-78.93817,4,4,4,4,17,4,8143,33,39,39,39,39,44,81432039074,17.1,2022-12-11T18:15:57Z,0.57
c4257c0qi9clu8nikfgg,c50fv8u7kn8vcc9cd6cg,False,True,36.0036,-78.93817,4,4,4,4,17,4,8143,33,39,38,39,39,43,81432039074,17.8,2022-12-11T18:30:57Z,0.59
c4257c0qi9clu8nikfgg,c50fv8u7kn8vcc9cd6cg,False,True,36.0036,-78.93817,5,5,4,5,21,5,8143,35,41,41,41,41,42,81432039074,18.6,2022-12-11T18:45:57Z,0.57
c4257c0qi9clu8nikfgg,c50fv8u7kn8vcc9cd6cg,False,True,36.0036,-78.93817,5,5,5,5,21,5,8143,37,44,44,44,44,40,81432039074,19.6,2022-12-11T19:00:57Z,0.58
c4257c0qi9clu8nikfgg,c50fv8u7kn8vcc9cd6cg,False,True,36.0036,-78.93817,5,5,5,5,21,5,8143,39,46,45,46,46,42,81432039074,18.4,2022-12-11T19:15:57Z,0.59
c4257c0qi9clu8nikfgg,c50fv8u7kn8vcc9cd6cg,False,True,36.0036,-78.93817,6,6,5,6,25,6,8143,43,51,51,51,51,45,81432039074,17.0,2022-12-11T19:30:57Z,0.59
c4257c0qi9clu8nikfgg,c50fv8u7kn8vcc9cd6cg,False,True,36.0036,-78.93817,5,5,5,5,21,5,8143,40,47,47,47,47,48,81432039074,15.7,2022-12-11T19:45:57Z,0.59
c4257c0qi9clu8nikfgg,c50fv8u7kn8vcc9cd6cg,False,True,36.0036,-78.93817,5,5,5,5,21,5,8143,40,48,48,48,48,50,81432039074,15.1,2022-12-11T20:00:57Z,0.6
c4257c0qi9clu8nikfgg,c50fv8u7kn8vcc9cd6cg,False,True,36.0036,-78.93817,5,5,5,5,21,5,8143,42,50,49,49,49,51,81432039074,14.9,2022-12-11T20:15:57Z,0.59
c4257c0qi9clu8nikfgg,c50fv8u7kn8vcc9cd6cg,False,True,36.0036,-78.93817,6,6,6,6,25,6,8143,45,54,53,54,54,52,81432039074,14.7,2022-12-11T20:30:57Z,0.6
c4257c0qi9clu8nikfgg,c50fv8u7kn8vcc9cd6cg,False,True,36.0036,-78.93817,5,5,5,5,21,5,8143,41,48,48,48,48,52,81432039074,14.6,2022-12-11T20:45:57Z,0.59
c4257c0qi9clu8nikfgg,c50fv8u7kn8vcc9cd6cg,False,True,36.0036,-78.93817,5,5,4,5,21,5,8143,36,43,42,43,43,53,81432039074,14.3,2022-12-11T21:00:57Z,0.56
c4257c0qi9clu8nikfgg,c50fv8u7kn8vcc9cd6cg,False,True,36.0036,-78.93817,4,4,4,4,17,4,8143,33,39,39,39,39,54,81432039074,13.9,2022-12-11T21:15:57Z,0.56
c4257c0qi9clu8nikfgg,c50fv8u7kn8vcc9cd6cg,False,True,36.0036,-78.93817,4,4,4,4,17,4,8143,34,40,39,40,40,55,81432039074,13.6,2022-12-11T21:30:57Z,0.56
c4257c0qi9clu8nikfgg,c50fv8u7kn8vcc9cd6cg,False,True,36.0036,-78.93817,4,4,4,4,17,4,8143,35,41,41,41,41,56,81432039074,13.3,2022-12-11T21:45:57Z,0.57
c4257c0qi9clu8nikfgg,c50fv8u7kn8vcc9cd6cg,False,True,36.0036,-78.93817,4,4,4,4,17,4,8143,34,40,40,40,40,57,81432039074,12.9,2022-12-11T22:00:57Z,0.58
c4257c0qi9clu8nikfgg,c50fv8u7kn8vcc9cd6cg,False,True,36.0036,-78.93817,4,4,4,4,17,4,8143,35,41,41,41,41,59,81432039074,12.5,2022-12-11T22:15:57Z,0.57
c4257c0qi9clu8nikfgg,c50fv8u7kn8vcc9cd6cg,False,True,36.0036,-78.93817,5,5,4,5,21,5,8143,35,42,42,42,42,60,81432039074,12.5,2022-12-11T22:30:57Z,0.56
c4257c0qi9clu8nikfgg,c50fv8u7kn8vcc9cd6cg,False,True,36.0036,-78.93817,4,4,4,4,17,4,8143,34,40,40,40,40,59,81432039074,12.5,2022-12-11T22:45:57Z,0.57
c4257c0qi9clu8nikfgg,c50fv8u7kn8vcc9cd6cg,False,True,36.0036,-78.93817,5,5,4,5,21,5,8143,35,42,42,42,42,59,81432039074,12.6,2022-12-11T23:00:57Z,0.56
c4257c0qi9clu8nikfgg,c50fv8u7kn8vcc9cd6cg,False,True,36.0036,-78.93817,5,5,4,5,21,5,8143,37,44,43,44,44,59,81432039074,12.5,2022-12-11T23:15:57Z,0.56
c4257c0qi9clu8nikfgg,c50fv8u7kn8vcc9cd6cg,False,True,36.0036,-78.93817,5,5,5,5,21,5,8143,39,46,45,46,46,59,81432039074,12.4,2022-12-11T23:30:57Z,0.55
c4257c0qi9clu8nikfgg,c50fv8u7kn8vcc9cd6cg,False,True,36.0036,-78.93817,5,5,5,5,21,5,8143,39,46,45,46,46,60,81432039074,12.1,2022-12-11T23:45:57Z,0.54
c4257c0qi9clu8nikfgg,c50fv8u7kn8vcc9cd6cg,False,True,36.0036,-78.93817,5,5,5,5,21,5,8143,42,50,49,50,50,61,81432039074,12.0,2022-12-12T00:00:57Z,0.55
c4257c0qi9clu8nikfgg,c50fv8u7kn8vcc9cd6cg,False,True,36.0036,-78.93817,7,6,6,7,29,7,8143,53,62,62,62,62,62,81432039074,12.0,2022-12-12T00:15:57Z,0.57
c4257c0qi9clu8nikfgg,c50fv8u7kn8vcc9cd6cg,False,True,36.0036,-78.93817,8,7,8,8,33,8,8143,64,76,75,76,76,64,81432039074,11.8,2022-12-12T00:30:57Z,0.55
c4257c0qi9clu8nikfgg,c50fv8u7kn8vcc9cd6cg,False,True,36.0036,-78.93817,8,7,7,8,33,8,8143,61,72,71,71,72,65,81432039074,11.7,2022-12-12T00:45:57Z,0.55
c4257c0qi9clu8nikfgg,c50fv8u7kn8vcc9cd6cg,False,True,36.0036,-78.93817,7,6,7,7,29,7,8143,56,66,66,66,66,65,81432039074,11.7,2022-12-12T01:00:57Z,0.55
c4257c0qi9clu8nikfgg,c50fv8u7kn8vcc9cd6cg,False,True,36.0036,-78.93817,7,6,6,7,29,7,8143,54,64,63,64,64,65,81432039074,11.8,2022-12-12T01:15:57Z,0.56
c4257c0qi9clu8nikfgg,c50fv8u7kn8vcc9cd6cg,False,True,36.0036,-78.93817,6,6,6,6,25,6,8143,50,59,59,59,59,65,81432039074,11.8,2022-12-12T01:30:57Z,0.56
c4257c0qi9clu8nikfgg,c50fv8u7kn8vcc9cd6cg,False,True,36.0036,-78.93817,8,7,7,8,33,8,8143,61,72,71,72,72,65,81432039074,11.7,2022-12-12T01:45:57Z,0.56
c4257c0qi9clu8nikfgg,c50fv8u7kn8vcc9cd6cg,False,True,36.0036,-78.93817,8,7,7,8,33,8,8143,62,74,73,74,74,65,81432039074,11.8,2022-12-12T02:00:57Z,0.54
c4257c0qi9clu8nikfgg,c50fv8u7kn8vcc9cd6cg,False,True,36.0036,-78.93817,7,6,7,7,29,7,8143,59,70,70,70,70,66,81432039074,11.6,2022-12-12T02:15:57Z,0.54
c4257c0qi9clu8nikfgg,c50fv8u7kn8vcc9cd6cg,False,True,36.0036,-78.93817,8,7,7,8,33,8,8143,62,73,73,73,73,65,81432039074,11.5,2022-12-12T02:30:57Z,0.56
c4257c0qi9clu8nikfgg,c50fv8u7kn8vcc9cd6cg,False,True,36.0036,-78.93817,8,7,7,8,33,8,8143,60,71,71,71,71,65,81432039074,11.4,2022-12-12T02:45:57Z,0.57
c4257c0qi9clu8nikfgg,c50fv8u7kn8vcc9cd6cg,False,True,36.0036,-78.93817,7,6,7,7,29,7,8143,58,69,68,69,69,66,81432039074,11.2,2022-12-12T03:00:57Z,0.56
c4257c0qi9clu8nikfgg,c50fv8u7kn8vcc9cd6cg,False,True,36.0036,-78.93817,7,6,7,7,29,7,8143,59,69,69,69,69,67,81432039074,10.9,2022-12-12T03:15:57Z,0.56
c4257c0qi9clu8nikfgg,c50fv8u7kn8vcc9cd6cg,False,True,36.0036,-78.93817,7,6,7,7,29,7,8143,58,69,68,69,69,68,81432039074,10.7,2022-12-12T03:30:57Z,0.55
c4257c0qi9clu8nikfgg,c50fv8u7kn8vcc9cd6cg,False,True,36.0036,-78.93817,7,6,7,7,29,7,8143,59,69,69,69,69,69,81432039074,10.3,2022-12-12T03:45:57Z,0.57
c4257c0qi9clu8nikfgg,c50fv8u7kn8vcc9cd6cg,False,True,36.0036,-78.93817,7,6,7,7,29,7,8143,58,69,68,68,69,72,81432039074,9.4,2022-12-12T04:00:57Z,0.55
c4257c0qi9clu8nikfgg,c50fv8u7kn8vcc9cd6cg,False,True,36.0036,-78.93817,7,6,7,7,29,7,8143,60,71,71,71,71,75,81432039074,8.6,2022-12-12T04:15:57Z,0.57
c4257c0qi9clu8nikfgg,c50fv8u7kn8vcc9cd6cg,False,True,36.0036,-78.93817,8,7,7,8,33,8,8143,64,76,75,76,76,78,81432039074,8.4,2022-12-12T04:30:57Z,0.57
c4257c0qi9clu8nikfgg,c50fv8u7kn8vcc9cd6cg,False,True,36.0036,-78.93817,8,7,8,8,33,8,8143,67,79,79,79,79,78,81432039074,8.7,2022-12-12T04:45:57Z,0.56
c4257c0qi9clu8nikfgg,c50fv8u7kn8vcc9cd6cg,False,True,36.0036,-78.93817,9,8,9,9,38,9,8143,75,88,88,88,88,77,81432039074,9.1,2022-12-12T05:00:57Z,0.57
c4257c0qi9clu8nikfgg,c50fv8u7kn8vcc9cd6cg,False,True,36.0036,-78.93817,9,8,9,9,38,9,8143,75,89,88,89,89,75,81432039074,9.3,2022-12-12T05:15:57Z,0.57
c4257c0qi9clu8nikfgg,c50fv8u7kn8vcc9cd6cg,False,True,36.0036,-78.93817,9,8,8,9,38,9,8143,73,86,86,86,86,76,81432039074,9.1,2022-12-12T05:30:57Z,0.58
c4257c0qi9clu8nikfgg,c50fv8u7kn8vcc9cd6cg,False,True,36.0036,-78.93817,9,8,8,9,38,9,8143,72,85,84,85,85,77,81432039074,9.3,2022-12-12T05:45:57Z,0.6
c4257c0qi9clu8nikfgg,c50fv8u7kn8vcc9cd6cg,False,True,36.0036,-78.93817,9,8,8,9,38,9,8143,69,82,82,82,82,76,81432039074,9.4,2022-12-12T06:00:57Z,0.57
c4257c0qi9clu8nikfgg,c50fv8u7kn8vcc9cd6cg,False,True,36.0036,-78.93817,8,7,8,8,33,8,8143,66,78,78,78,78,77,81432039074,9.3,2022-12-12T06:15:57Z,0.6
c4257c0qi9clu8nikfgg,c50fv8u7kn8vcc9cd6cg,False,True,36.0036,-78.93817,8,7,7,8,33,8,8143,62,73,73,73,73,77,81432039074,9.2,2022-12-12T06:30:57Z,0.59
c4257c0qi9clu8nikfgg,c50fv8u7kn8vcc9cd6cg,False,True,36.0036,-78.93817,7,6,6,7,29,7,8143,54,64,63,64,64,76,81432039074,9.1,2022-12-12T06:45:57Z,0.6
c4257c0qi9clu8nikfgg,c50fv8u7kn8vcc9cd6cg,False,True,36.0036,-78.93817,6,6,5,6,25,6,8143,47,55,55,55,55,74,81432039074,9.0,2022-12-12T07:00:57Z,0.58
c4257c0qi9clu8nikfgg,c50fv8u7kn8vcc9cd6cg,False,True,36.0036,-78.93817,5,5,5,5,21,5,8143,43,51,51,51,51,71,81432039074,9.0,2022-12-12T07:15:57Z,0.58
c4257c0qi9clu8nikfgg,c50fv8u7kn8vcc9cd6cg,False,True,36.0036,-78.93817,5,5,5,5,21,5,8143,42,49,49,49,49,69,81432039074,9.0,2022-12-12T07:30:57Z,0.58
c4257c0qi9clu8nikfgg,c50fv8u7kn8vcc9cd6cg,False,True,36.0036,-78.93817,5,5,5,5,21,5,8143,40,47,47,47,47,67,81432039074,9.0,2022-12-12T07:45:57Z,0.58
c4257c0qi9clu8nikfgg,c50fv8u7kn8vcc9cd6cg,False,True,36.0036,-78.93817,5,5,5,5,21,5,8143,39,46,46,46,46,68,81432039074,8.8,2022-12-12T08:00:57Z,0.57
c4257c0qi9clu8nikfgg,c50fv8u7kn8vcc9cd6cg,False,True,36.0036,-78.93817,5,5,5,5,21,5,8143,40,48,47,48,48,67,81432039074,8.6,2022-12-12T08:15:57Z,0.59
c4257c0qi9clu8nikfgg,c50fv8u7kn8vcc9cd6cg,False,True,36.0036,-78.93817,5,5,5,5,21,5,8143,39,46,46,46,46,67,81432039074,8.4,2022-12-12T08:30:57Z,0.6
c4257c0qi9clu8nikfgg,c50fv8u7kn8vcc9cd6cg,False,True,36.0036,-78.93817,5,5,4,5,21,5,8143,38,45,45,45,45,68,81432039074,8.2,2022-12-12T08:45:57Z,0.59
c4257c0qi9clu8nikfgg,c50fv8u7kn8vcc9cd6cg,False,True,36.0036,-78.93817,4,4,4,4,17,4,8143,36,43,42,43,43,68,81432039074,8.1,2022-12-12T09:00:57Z,0.58
c4257c0qi9clu8nikfgg,c50fv8u7kn8vcc9cd6cg,False,True,36.0036,-78.93817,4,4,4,4,17,4,8143,34,41,40,41,41,68,81432039074,8.0,2022-12-12T09:15:57Z,0.58
c4257c0qi9clu8nikfgg,c50fv8u7kn8vcc9cd6cg,False,True,36.0036,-78.93817,4,4,4,4,17,4,8143,35,41,41,41,41,68,81432039074,7.8,2022-12-12T09:30:57Z,0.58
c4257c0qi9clu8nikfgg,c50fv8u7kn8vcc9cd6cg,False,True,36.0036,-78.93817,4,4,4,4,17,4,8143,36,43,42,43,43,69,81432039074,7.6,2022-12-12T09:45:57Z,0.58
c4257c0qi9clu8nikfgg,c50fv8u7kn8vcc9cd6cg,False,True,36.0036,-78.93817,4,4,4,4,17,4,8143,36,42,42,42,42,70,81432039074,7.5,2022-12-12T10:00:57Z,0.57
c4257c0qi9clu8nikfgg,c50fv8u7kn8vcc9cd6cg,False,True,36.0036,-78.93817,5,5,4,5,21,5,8143,39,46,46,46,46,70,81432039074,7.5,2022-12-12T10:15:57Z,0.59
c4257c0qi9clu8nikfgg,c50fv8u7kn8vcc9cd6cg,False,True,36.0036,-78.93817,5,5,4,5,21,5,8143,38,45,45,45,45,70,81432039074,7.2,2022-12-12T10:30:57Z,0.59
c4257c0qi9clu8nikfgg,c50fv8u7kn8vcc9cd6cg,False,True,36.0036,-78.93817,5,5,5,5,21,5,8143,41,48,48,48,48,72,81432039074,6.8,2022-12-12T10:45:57Z,0.58
c4257c0qi9clu8nikfgg,c50fv8u7kn8vcc9cd6cg,False,True,36.0036,-78.93817,5,5,5,5,21,5,8143,43,51,51,51,51,73,81432039074,6.6,2022-12-12T11:00:57Z,0.58
c4257c0qi9clu8nikfgg,c50fv8u7kn8vcc9cd6cg,False,True,36.0036,-78.93817,5,5,5,5,21,5,8143,45,53,53,53,53,75,81432039074,6.2,2022-12-12T11:15:57Z,0.58
c4257c0qi9clu8nikfgg,c50fv8u7kn8vcc9cd6cg,False,True,36.0036,-78.93817,6,6,5,6,25,6,8143,46,55,54,55,55,76,81432039074,5.9,2022-12-12T11:30:57Z,0.59
c4257c0qi9clu8nikfgg,c50fv8u7kn8vcc9cd6cg,False,True,36.0036,-78.93817,6,6,6,6,25,6,8143,52,61,61,61,61,78,81432039074,5.5,2022-12-12T11:45:57Z,0.58
c4257c0qi9clu8nikfgg,c50fv8u7kn8vcc9cd6cg,False,True,36.0036,-78.93817,7,6,6,7,29,7,8143,58,68,68,68,68,79,81432039074,5.6,2022-12-12T12:00:57Z,0.6
c4257c0qi9clu8nikfgg,c50fv8u7kn8vcc9cd6cg,False,True,36.0036,-78.93817,6,6,6,6,25,6,8143,54,63,63,63,63,79,81432039074,5.8,2022-12-12T12:15:57Z,0.6
c4257c0qi9clu8nikfgg,c50fv8u7kn8vcc9cd6cg,False,True,36.0036,-78.93817,6,6,6,6,25,6,8143,53,62,62,62,62,79,81432039074,5.8,2022-12-12T12:30:57Z,0.6
c4257c0qi9clu8nikfgg,c50fv8u7kn8vcc9cd6cg,False,True,36.0036,-78.93817,7,6,6,7,29,7,8143,55,65,65,65,65,79,81432039074,5.9,2022-12-12T12:45:57Z,0.58
c4257c0qi9clu8nikfgg,c50fv8u7kn8vcc9cd6cg,False,True,36.0036,-78.93817,7,6,6,7,29,7,8143,57,68,67,68,68,79,81432039074,6.1,2022-12-12T13:00:57Z,0.6
c4257c0qi9clu8nikfgg,c50fv8u7kn8vcc9cd6cg,False,True,36.0036,-78.93817,7,6,6,7,29,7,8143,55,65,65,65,65,78,81432039074,6.4,2022-12-12T13:15:57Z,0.59
c4257c0qi9clu8nikfgg,c50fv8u7kn8vcc9cd6cg,False,True,36.0036,-78.93817,7,6,6,7,29,7,8143,55,65,65,65,65,77,81432039074,6.7,2022-12-12T13:30:57Z,0.59
c4257c0qi9clu8nikfgg,c50fv8u7kn8vcc9cd6cg,False,True,36.0036,-78.93817,7,6,6,7,29,7,8143,57,67,67,67,67,75,81432039074,6.9,2022-12-12T13:45:57Z,0.59
c4257c0qi9clu8nikfgg,c50fv8u7kn8vcc9cd6cg,False,True,36.0036,-78.93817,7,6,6,7,29,7,8143,56,67,66,67,67,74,81432039074,7.1,2022-12-12T14:00:57Z,0.58
c4257c0qi9clu8nikfgg,c50fv8u7kn8vcc9cd6cg,False,True,36.0036,-78.93817,7,6,6,7,29,7,8143,56,66,66,66,66,71,81432039074,7.4,2022-12-12T14:15:57Z,0.59
c4257c0qi9clu8nikfgg,c50fv8u7kn8vcc9cd6cg,False,True,36.0036,-78.93817,7,6,6,7,29,7,8143,55,65,65,65,65,69,81432039074,7.8,2022-12-12T14:30:57Z,0.59
c4257c0qi9clu8nikfgg,c50fv8u7kn8vcc9cd6cg,False,True,36.0036,-78.93817,6,6,6,6,25,6,8143,53,62,62,62,62,67,81432039074,8.2,2022-12-12T14:45:57Z,0.6
c4257c0qi9clu8nikfgg,c50fv8u7kn8vcc9cd6cg,False,True,36.0036,-78.93817,6,6,6,6,25,6,8143,48,57,57,57,57,65,81432039074,8.6,2022-12-12T15:00:57Z,0.59
c4257c0qi9clu8nikfgg,c50fv8u7kn8vcc9cd6cg,False,True,36.0036,-78.93817,6,6,6,6,25,6,8143,47,56,56,56,56,62,81432039074,9.5,2022-12-12T15:15:57Z,0.59
c4257c0qi9clu8nikfgg,c50fv8u7kn8vcc9cd6cg,False,True,36.0036,-78.93817,6,6,6,6,25,6,8143,47,56,55,56,56,59,81432039074,10.3,2022-12-12T15:30:57Z,0.58
c4257c0qi9clu8nikfgg,c50fv8u7kn8vcc9cd6cg,False,True,36.0036,-78.93817,5,5,5,5,21,5,8143,44,52,52,52,52,56,81432039074,11.0,2022-12-12T15:45:57Z,0.57
c4257c0qi9clu8nikfgg,c50fv8u7kn8vcc9cd6cg,False,True,36.0036,-78.93817,5,5,5,5,21,5,8143,43,51,50,51,51,55,81432039074,11.5,2022-12-12T16:00:57Z,0.58
c4257c0qi9clu8nikfgg,c50fv8u7kn8vcc9cd6cg,False,True,36.0036,-78.93817,5,5,5,5,21,5,8143,41,49,49,49,49,51,81432039074,13.1,2022-12-12T16:15:57Z,0.56
c4257c0qi9clu8nikfgg,c50fv8u7kn8vcc9cd6cg,False,True,36.0036,-78.93817,5,5,5,5,21,5,8143,42,50,50,50,50,48,81432039074,13.7,2022-12-12T16:30:57Z,0.55
c4257c0qi9clu8nikfgg,c50fv8u7kn8vcc9cd6cg,False,True,36.0036,-78.93817,5,5,5,5,21,5,8143,42,49,49,49,49,48,81432039074,14.1,2022-12-12T16:45:57Z,0.57
c4257c0qi9clu8nikfgg,c50fv8u7kn8vcc9cd6cg,False,True,36.0036,-78.93817,5,5,5,5,21,5,8143,42,49,49,49,49,46,81432039074,14.2,2022-12-12T17:00:57Z,0.58
c4257c0qi9clu8nikfgg,c50fv8u7kn8vcc9cd6cg,False,True,36.0036,-78.93817,5,5,5,5,21,5,8143,41,49,49,49,49,46,81432039074,14.1,2022-12-12T17:15:57Z,0.58
c4257c0qi9clu8nikfgg,c50fv8u7kn8vcc9cd6cg,False,True,36.0036,-78.93817,5,5,5,5,21,5,8143,39,46,46,46,46,44,81432039074,14.3,2022-12-12T17:30:57Z,0.58
c4257c0qi9clu8nikfgg,c50fv8u7kn8vcc9cd6cg,False,True,36.0036,-78.93817,5,5,5,5,21,5,8143,39,46,46,46,46,44,81432039074,14.5,2022-12-12T17:45:57Z,0.57
c4257c0qi9clu8nikfgg,c50fv8u7kn8vcc9cd6cg,False,True,36.0036,-78.93817,5,5,5,5,21,5,8143,38,45,45,45,45,43,81432039074,14.5,2022-12-12T18:00:57Z,0.55
c4257c0qi9clu8nikfgg,c50fv8u7kn8vcc9cd6cg,False,True,36.0036,-78.93817,5,5,5,5,21,5,8143,39,46,46,46,46,43,81432039074,14.7,2022-12-12T18:15:57Z,0.56
c4257c0qi9clu8nikfgg,c50fv8u7kn8vcc9cd6cg,False,True,36.0036,-78.93817,5,5,5,5,21,5,8143,38,45,44,45,45,41,81432039074,15.5,2022-12-12T18:30:57Z,0.55
c4257c0qi9clu8nikfgg,c50fv8u7kn8vcc9cd6cg,False,True,36.0036,-78.93817,5,5,4,5,21,5,8143,36,43,42,43,43,42,81432039074,14.9,2022-12-12T18:45:57Z,0.57
c4257c0qi9clu8nikfgg,c50fv8u7kn8vcc9cd6cg,False,True,36.0036,-78.93817,5,5,5,5,21,5,8143,37,43,43,43,43,43,81432039074,14.8,2022-12-12T19:00:57Z,0.56
c4257c0qi9clu8nikfgg,c50fv8u7kn8vcc9cd6cg,False,True,36.0036,-78.93817,5,5,5,5,21,5,8143,37,44,44,44,44,41,81432039074,15.4,2022-12-12T19:15:57Z,0.54
c4257c0qi9clu8nikfgg,c50fv8u7kn8vcc9cd6cg,False,True,36.0036,-78.93817,5,5,4,5,21,5,8143,35,41,41,41,41,38,81432039074,16.8,2022-12-12T19:30:57Z,0.56
c4257c0qi9clu8nikfgg,c50fv8u7kn8vcc9cd6cg,False,True,36.0036,-78.93817,5,5,4,5,21,5,8143,35,41,41,41,41,42,81432039074,14.2,2022-12-12T19:45:57Z,0.57
c4257c0qi9clu8nikfgg,c50fv8u7kn8vcc9cd6cg,False,True,36.0036,-78.93817,5,5,4,5,21,5,8143,35,42,42,42,42,45,81432039074,13.2,2022-12-12T20:00:57Z,0.55
c4257c0qi9clu8nikfgg,c50fv8u7kn8vcc9cd6cg,False,True,36.0036,-78.93817,4,4,4,4,17,4,8143,33,39,39,39,39,44,81432039074,12.9,2022-12-12T20:15:57Z,0.56
c4257c0qi9clu8nikfgg,c50fv8u7kn8vcc9cd6cg,False,True,36.0036,-78.93817,4,4,4,4,17,4,8143,33,39,39,39,39,46,81432039074,12.6,2022-12-12T20:30:57Z,0.56
c4257c0qi9clu8nikfgg,c50fv8u7kn8vcc9cd6cg,False,True,36.0036,-78.93817,4,4,4,4,17,4,8143,34,40,40,40,40,48,81432039074,12.0,2022-12-12T20:45:57Z,0.56
c4257c0qi9clu8nikfgg,c50fv8u7kn8vcc9cd6cg,False,True,36.0036,-78.93817,4,4,4,4,17,4,8143,35,41,41,41,41,48,81432039074,11.8,2022-12-12T21:00:57Z,0.57
c4257c0qi9clu8nikfgg,c50fv8u7kn8vcc9cd6cg,False,True,36.0036,-78.93817,4,4,4,4,17,4,8143,34,40,40,40,40,48,81432039074,11.4,2022-12-12T21:15:57Z,0.56
c4257c0qi9clu8nikfgg,c50fv8u7kn8vcc9cd6cg,False,True,36.0036,-78.93817,4,4,4,4,17,4,8143,33,39,39,39,39,49,81432039074,11.0,2022-12-12T21:30:57Z,0.56
c4257c0qi9clu8nikfgg,c50fv8u7kn8vcc9cd6cg,False,True,36.0036,-78.93817,4,4,4,4,17,4,8143,34,40,40,40,40,51,81432039074,10.6,2022-12-12T21:45:57Z,0.57
c4257c0qi9clu8nikfgg,c50fv8u7kn8vcc9cd6cg,False,True,36.0036,-78.93817,4,4,4,4,17,4,8143,34,40,40,40,40,54,81432039074,9.6,2022-12-12T22:00:57Z,0.55
c4257c0qi9clu8nikfgg,c50fv8u7kn8vcc9cd6cg,False,True,36.0036,-78.93817,5,5,4,5,21,5,8143,37,44,44,44,44,58,81432039074,8.7,2022-12-12T22:15:57Z,0.55
c4257c0qi9clu8nikfgg,c50fv8u7kn8vcc9cd6cg,False,True,36.0036,-78.93817,5,5,4,5,21,5,8143,37,44,44,44,44,60,81432039074,8.0,2022-12-12T22:30:57Z,0.57
c4257c0qi9clu8nikfgg,c50fv8u7kn8vcc9cd6cg,False,True,36.0036,-78.93817,5,5,5,5,21,5,8143,41,48,48,48,48,62,81432039074,7.4,2022-12-12T22:45:57Z,0.57
c4257c0qi9clu8nikfgg,c50fv8u7kn8vcc9cd6cg,False,True,36.0036,-78.93817,7,6,7,7,29,7,8143,60,71,71,71,71,63,81432039074,7.3,2022-12-12T23:00:57Z,0.58
c4257c0qi9clu8nikfgg,c50fv8u7kn8vcc9cd6cg,False,True,36.0036,-78.93817,6,6,6,6,25,6,8143,49,58,57,58,58,63,81432039074,7.4,2022-12-12T23:15:57Z,0.57
c4257c0qi9clu8nikfgg,c50fv8u7kn8vcc9cd6cg,False,True,36.0036,-78.93817,5,5,5,5,21,5,8143,42,50,49,50,50,64,81432039074,7.2,2022-12-12T23:30:57Z,0.56
c4257c0qi9clu8nikfgg,c50fv8u7kn8vcc9cd6cg,False,True,36.0036,-78.93817,5,5,5,5,21,5,8143,44,52,51,52,52,64,81432039074,7.1,2022-12-12T23:45:57Z,0.57
c4257c0qi9clu8nikfgg,c50fv8u7kn8vcc9cd6cg,False,True,36.0036,-78.93817,6,6,6,6,25,6,8143,49,58,58,58,58,64,81432039074,7.0,2022-12-13T00:00:57Z,0.56
c4257c0qi9clu8nikfgg,c50fv8u7kn8vcc9cd6cg,False,True,36.0036,-78.93817,6,6,6,6,25,6,8143,52,62,62,62,62,65,81432039074,6.8,2022-12-13T00:15:57Z,0.56
c4257c0qi9clu8nikfgg,c50fv8u7kn8vcc9cd6cg,False,True,36.0036,-78.93817,7,6,6,7,29,7,8143,57,67,67,67,67,66,81432039074,6.3,2022-12-13T00:30:57Z,0.56
c4257c0qi9clu8nikfgg,c50fv8u7kn8vcc9cd6cg,False,True,36.0036,-78.93817,8,7,7,8,33,8,8143,66,78,77,78,78,68,81432039074,5.8,2022-12-13T00:45:57Z,0.57
c4257c0qi9clu8nikfgg,c50fv8u7kn8vcc9cd6cg,False,True,36.0036,-78.93817,8,7,7,8,33,8,8143,66,78,78,78,78,69,81432039074,5.3,2022-12-13T01:00:57Z,0.59
c4257c0qi9clu8nikfgg,c50fv8u7kn8vcc9cd6cg,False,True,36.0036,-78.93817,7,6,7,7,29,7,8143,62,73,73,73,73,70,81432039074,5.1,2022-12-13T01:15:57Z,0.58
c4257c0qi9clu8nikfgg,c50fv8u7kn8vcc9cd6cg,False,True,36.0036,-78.93817,8,7,8,8,33,8,8143,68,80,80,80,80,71,81432039074,4.9,2022-12-13T01:30:57Z,0.57
c4257c0qi9clu8nikfgg,c50fv8u7kn8vcc9cd6cg,False,True,36.0036,-78.93817,8,7,7,8,33,8,8143,64,75,75,75,75,73,81432039074,4.8,2022-12-13T01:45:57Z,0.58
c4257c0qi9clu8nikfgg,c50fv8u7kn8vcc9cd6cg,False,True,36.0036,-78.93817,7,6,6,7,29,7,8143,57,68,68,68,68,71,81432039074,5.2,2022-12-13T02:00:57Z,0.56
c4257c0qi9clu8nikfgg,c50fv8u7kn8vcc9cd6cg,False,True,36.0036,-78.93817,7,6,7,7,29,7,8143,59,69,69,69,69,72,81432039074,5.2,2022-12-13T02:15:57Z,0.57
c4257c0qi9clu8nikfgg,c50fv8u7kn8vcc9cd6cg,False,True,36.0036,-78.93817,7,6,6,7,29,7,8143,56,67,66,67,67,71,81432039074,5.1,2022-12-13T02:30:57Z,0.57
c4257c0qi9clu8nikfgg,c50fv8u7kn8vcc9cd6cg,False,True,36.0036,-78.93817,7,6,6,7,29,7,8143,56,66,65,66,66,71,81432039074,5.0,2022-12-13T02:45:57Z,0.57
c4257c0qi9clu8nikfgg,c50fv8u7kn8vcc9cd6cg,False,True,36.0036,-78.93817,6,6,6,6,25,6,8143,55,65,65,65,65,72,81432039074,4.7,2022-12-13T03:00:57Z,0.56
c4257c0qi9clu8nikfgg,c50fv8u7kn8vcc9cd6cg,False,True,36.0036,-78.93817,7,6,6,7,29,7,8143,57,67,67,67,67,72,81432039074,4.5,2022-12-13T03:15:57Z,0.57
c4257c0qi9clu8nikfgg,c50fv8u7kn8vcc9cd6cg,False,True,36.0036,-78.93817,7,6,6,7,29,7,8143,57,67,67,67,67,72,81432039074,4.3,2022-12-13T03:30:57Z,0.56
c4257c0qi9clu8nikfgg,c50fv8u7kn8vcc9cd6cg,False,True,36.0036,-78.93817,6,6,6,6,25,6,8143,54,64,63,64,64,72,81432039074,4.2,2022-12-13T03:45:57Z,0.55
c4257c0qi9clu8nikfgg,c50fv8u7kn8vcc9cd6cg,False,True,36.0036,-78.93817,6,6,6,6,25,6,8143,54,64,63,64,64,72,81432039074,4.1,2022-12-13T04:00:57Z,0.57
c4257c0qi9clu8nikfgg,c50fv8u7kn8vcc9cd6cg,False,True,36.0036,-78.93817,7,6,6,7,29,7,8143,56,67,66,67,67,72,81432039074,4.0,2022-12-13T04:15:57Z,0.57
c4257c0qi9clu8nikfgg,c50fv8u7kn8vcc9cd6cg,False,True,36.0036,-78.93817,6,6,6,6,25,6,8143,53,62,62,62,62,72,81432039074,3.8,2022-12-13T04:30:57Z,0.56
c4257c0qi9clu8nikfgg,c50fv8u7kn8vcc9cd6cg,False,True,36.0036,-78.93817,6,6,5,6,25,6,8143,49,58,57,58,58,72,81432039074,3.6,2022-12-13T04:45:57Z,0.57
c4257c0qi9clu8nikfgg,c50fv8u7kn8vcc9cd6cg,False,True,36.0036,-78.93817,6,6,5,6,25,6,8143,48,57,56,57,57,72,81432039074,3.4,2022-12-13T05:00:57Z,0.56
c4257c0qi9clu8nikfgg,c50fv8u7kn8vcc9cd6cg,False,True,36.0036,-78.93817,5,5,5,5,21,5,8143,47,55,55,55,55,72,81432039074,3.2,2022-12-13T05:15:57Z,0.55
c4257c0qi9clu8nikfgg,c50fv8u7kn8vcc9cd6cg,False,True,36.0036,-78.93817,5,5,5,5,21,5,8143,47,56,56,56,56,72,81432039074,3.2,2022-12-13T05:30:57Z,0.54
c4257c0qi9clu8nikfgg,c50fv8u7kn8vcc9cd6cg,False,True,36.0036,-78.93817,5,5,5,5,21,5,8143,46,54,54,54,54,72,81432039074,3.1,2022-12-13T05:45:57Z,0.52
c4257c0qi9clu8nikfgg,c50fv8u7kn8vcc9cd6cg,False,True,36.0036,-78.93817,5,5,5,5,21,5,8143,46,55,54,55,55,71,81432039074,3.1,2022-12-13T06:00:57Z,0.53
c4257c0qi9clu8nikfgg,c50fv8u7kn8vcc9cd6cg,False,True,36.0036,-78.93817,5,5,5,5,21,5,8143,46,54,54,54,54,73,81432039074,2.9,2022-12-13T06:15:57Z,0.54
c4257c0qi9clu8nikfgg,c50fv8u7kn8vcc9cd6cg,False,True,36.0036,-78.93817,5,5,5,5,21,5,8143,46,54,54,54,54,74,81432039074,2.9,2022-12-13T06:30:57Z,0.56
c4257c0qi9clu8nikfgg,c50fv8u7kn8vcc9cd6cg,False,True,36.0036,-78.93817,5,5,5,5,21,5,8143,45,53,53,53,53,74,81432039074,2.7,2022-12-13T06:45:57Z,0.57
c4257c0qi9clu8nikfgg,c50fv8u7kn8vcc9cd6cg,False,True,36.0036,-78.93817,5,5,5,5,21,5,8143,44,53,52,53,53,74,81432039074,2.8,2022-12-13T07:00:57Z,0.57
c4257c0qi9clu8nikfgg,c50fv8u7kn8vcc9cd6cg,False,True,36.0036,-78.93817,5,5,5,5,21,5,8143,43,51,50,50,51,74,81432039074,2.6,2022-12-13T07:15:57Z,0.59
c4257c0qi9clu8nikfgg,c50fv8u7kn8vcc9cd6cg,False,True,36.0036,-78.93817,5,5,5,5,21,5,8143,42,50,50,50,50,74,81432039074,2.7,2022-12-13T07:30:57Z,0.58
c4257c0qi9clu8nikfgg,c50fv8u7kn8vcc9cd6cg,False,True,36.0036,-78.93817,5,5,4,5,21,5,8143,40,48,47,48,48,73,81432039074,2.9,2022-12-13T07:45:57Z,0.59
c4257c0qi9clu8nikfgg,c50fv8u7kn8vcc9cd6cg,False,True,36.0036,-78.93817,5,5,4,5,21,5,8143,40,48,47,48,48,72,81432039074,2.9,2022-12-13T08:00:57Z,0.57
c4257c0qi9clu8nikfgg,c50fv8u7kn8vcc9cd6cg,False,True,36.0036,-78.93817,5,5,5,5,21,5,8143,43,50,50,50,50,72,81432039074,2.8,2022-12-13T08:15:57Z,0.56
c4257c0qi9clu8nikfgg,c50fv8u7kn8vcc9cd6cg,False,True,36.0036,-78.93817,5,5,5,5,21,5,8143,43,50,50,50,50,72,81432039074,2.6,2022-12-13T08:30:57Z,0.57
c4257c0qi9clu8nikfgg,c50fv8u7kn8vcc9cd6cg,False,True,36.0036,-78.93817,5,5,5,5,21,5,8143,42,49,49,49,49,72,81432039074,2.8,2022-12-13T08:45:57Z,0.56
c4257c0qi9clu8nikfgg,c50fv8u7kn8vcc9cd6cg,False,True,36.0036,-78.93817,5,5,4,5,21,5,8143,40,48,48,48,48,70,81432039074,3.3,2022-12-13T09:00:57Z,0.57
c4257c0qi9clu8nikfgg,c50fv8u7kn8vcc9cd6cg,False,True,36.0036,-78.93817,5,5,4,5,21,5,8143,40,47,47,47,47,68,81432039074,3.6,2022-12-13T09:15:57Z,0.57
c4257c0qi9clu8nikfgg,c50fv8u7kn8vcc9cd6cg,False,True,36.0036,-78.93817,4,4,4,4,17,4,8143,38,45,45,45,45,67,81432039074,4.0,2022-12-13T09:30:57Z,0.57
c4257c0qi9clu8nikfgg,c50fv8u7kn8vcc9cd6cg,False,True,36.0036,-78.93817,4,4,4,4,17,4,8143,37,44,44,44,44,66,81432039074,4.2,2022-12-13T09:45:57Z,0.57
c4257c0qi9clu8nikfgg,c50fv8u7kn8vcc9cd6cg,False,True,36.0036,-78.93817,5,5,4,5,21,5,8143,38,45,45,45,45,65,81432039074,4.3,2022-12-13T10:00:57Z,0.58
c4257c0qi9clu8nikfgg,c50fv8u7kn8vcc9cd6cg,False,True,36.0036,-78.93817,4,4,4,4,17,4,8143,36,43,43,43,43,64,81432039074,4.2,2022-12-13T10:15:57Z,0.56
c4257c0qi9clu8nikfgg,c50fv8u7kn8vcc9cd6cg,False,True,36.0036,-78.93817,4,4,4,4,17,4,8143,37,44,43,43,44,65,81432039074,4.2,2022-12-13T10:30:57Z,0.56
c4257c0qi9clu8nikfgg,c50fv8u7kn8vcc9cd6cg,False,True,36.0036,-78.93817,4,4,4,4,17,4,8143,37,43,43,43,43,65,81432039074,4.3,2022-12-13T10:45:57Z,0.57
c4257c0qi9clu8nikfgg,c50fv8u7kn8vcc9cd6cg,False,True,36.0036,-78.93817,4,4,4,4,17,4,8143,38,45,45,45,45,65,81432039074,4.4,2022-12-13T11:00:57Z,0.57
c4257c0qi9clu8nikfgg,c50fv8u7kn8vcc9cd6cg,False,True,36.0036,-78.93817,4,4,4,4,17,4,8143,37,44,44,44,44,65,81432039074,4.5,2022-12-13T11:15:57Z,0.58
c4257c0qi9clu8nikfgg,c50fv8u7kn8vcc9cd6cg,False,True,36.0036,-78.93817,5,5,4,4,17,5,8143,38,45,45,45,45,65,81432039074,4.4,2022-12-13T11:30:57Z,0.58
c4257c0qi9clu8nikfgg,c50fv8u7kn8vcc9cd6cg,False,True,36.0036,-78.93817,5,5,4,5,21,5,8143,38,45,45,45,45,65,81432039074,4.5,2022-12-13T11:45:57Z,0.57
c4257c0qi9clu8nikfgg,c50fv8u7kn8vcc9cd6cg,False,True,36.0036,-78.93817,5,5,4,5,21,5,8143,38,45,45,45,45,64,81432039074,4.6,2022-12-13T12:00:57Z,0.58
c4257c0qi9clu8nikfgg,c50fv8u7kn8vcc9cd6cg,False,True,36.0036,-78.93817,5,5,4,5,21,5,8143,39,47,46,47,47,64,81432039074,4.6,2022-12-13T12:15:57Z,0.58
c4257c0qi9clu8nikfgg,c50fv8u7kn8vcc9cd6cg,False,True,36.0036,-78.93817,5,5,4,5,21,5,8143,38,45,45,45,45,64,81432039074,4.6,2022-12-13T12:30:57Z,0.58
c4257c0qi9clu8nikfgg,c50fv8u7kn8vcc9cd6cg,False,True,36.0036,-78.93817,4,4,4,4,17,4,8143,37,44,44,44,44,62,81432039074,4.8,2022-12-13T12:45:57Z,0.57
c4257c0qi9clu8nikfgg,c50fv8u7kn8vcc9cd6cg,False,True,36.0036,-78.93817,4,4,4,4,17,4,8143,37,44,44,44,44,61,81432039074,5.0,2022-12-13T13:00:57Z,0.57
c4257c0qi9clu8nikfgg,c50fv8u7kn8vcc9cd6cg,False,True,36.0036,-78.93817,4,4,4,4,17,4,8143,37,43,43,43,43,60,81432039074,5.3,2022-12-13T13:15:57Z,0.57
c4257c0qi9clu8nikfgg,c50fv8u7kn8vcc9cd6cg,False,True,36.0036,-78.93817,4,4,4,4,17,4,8143,35,42,42,42,42,59,81432039074,5.6,2022-12-13T13:30:57Z,0.56
c4257c0qi9clu8nikfgg,c50fv8u7kn8vcc9cd6cg,False,True,36.0036,-78.93817,4,4,4,4,17,4,8143,35,41,41,41,41,58,81432039074,5.9,2022-12-13T13:45:57Z,0.56
c4257c0qi9clu8nikfgg,c50fv8u7kn8vcc9cd6cg,False,True,36.0036,-78.93817,4,4,4,4,17,4,8143,34,41,40,41,41,56,81432039074,6.5,2022-12-13T14:00:57Z,0.57
c4257c0qi9clu8nikfgg,c50fv8u7kn8vcc9cd6cg,False,True,36.0036,-78.93817,4,4,4,4,17,4,8143,36,43,43,43,43,55,81432039074,6.8,2022-12-13T14:15:57Z,0.58
c4257c0qi9clu8nikfgg,c50fv8u7kn8vcc9cd6cg,False,True,36.0036,-78.93817,5,5,4,5,21,5,8143,38,44,44,44,44,55,81432039074,7.0,2022-12-13T14:30:57Z,0.57
c4257c0qi9clu8nikfgg,c50fv8u7kn8vcc9cd6cg,False,True,36.0036,-78.93817,5,5,4,5,21,5,8143,37,44,44,44,44,54,81432039074,7.1,2022-12-13T14:45:57Z,0.56
c4257c0qi9clu8nikfgg,c50fv8u7kn8vcc9cd6cg,False,True,36.0036,-78.93817,4,4,4,4,17,4,8143,35,41,41,41,41,53,81432039074,7.1,2022-12-13T15:00:57Z,0.55
c4257c0qi9clu8nikfgg,c50fv8u7kn8vcc9cd6cg,False,True,36.0036,-78.93817,4,4,4,4,17,4,8143,32,38,38,38,38,52,81432039074,7.0,2022-12-13T15:15:57Z,0.56
c4257c0qi9clu8nikfgg,c50fv8u7kn8vcc9cd6cg,False,True,36.0036,-78.93817,4,4,4,4,17,4,8143,33,39,39,39,39,53,81432039074,7.1,2022-12-13T15:30:57Z,0.55
c4257c0qi9clu8nikfgg,c50fv8u7kn8vcc9cd6cg,False,True,36.0036,-78.93817,4,4,4,4,17,4,8143,34,40,40,40,40,53,81432039074,7.1,2022-12-13T15:45:57Z,0.56
c4257c0qi9clu8nikfgg,c50fv8u7kn8vcc9cd6cg,False,True,36.0036,-78.93817,4,4,4,4,17,4,8143,34,40,40,40,40,53,81432039074,7.4,2022-12-13T16:00:57Z,0.56
c4257c0qi9clu8nikfgg,c50fv8u7kn8vcc9cd6cg,False,True,36.0036,-78.93817,4,4,4,4,17,4,8143,34,40,40,40,40,51,81432039074,8.2,2022-12-13T16:15:57Z,0.55
c4257c0qi9clu8nikfgg,c50fv8u7kn8vcc9cd6cg,False,True,36.0036,-78.93817,4,4,4,4,17,4,8143,34,40,40,40,40,48,81432039074,9.4,2022-12-13T16:30:57Z,0.56
c4257c0qi9clu8nikfgg,c50fv8u7kn8vcc9cd6cg,False,True,36.0036,-78.93817,4,4,4,4,17,4,8143,33,40,39,40,40,46,81432039074,10.2,2022-12-13T16:45:57Z,0.57
c4257c0qi9clu8nikfgg,c50fv8u7kn8vcc9cd6cg,False,True,36.0036,-78.93817,4,4,4,4,17,4,8143,35,41,41,41,41,44,81432039074,10.7,2022-12-13T17:00:57Z,0.57
c4257c0qi9clu8nikfgg,c50fv8u7kn8vcc9cd6cg,False,True,36.0036,-78.93817,4,4,4,4,17,4,8143,34,41,40,41,41,42,81432039074,12.6,2022-12-13T17:15:57Z,0.55
c4257c0qi9clu8nikfgg,c50fv8u7kn8vcc9cd6cg,False,True,36.0036,-78.93817,4,4,4,4,17,4,8143,34,40,40,40,40,37,81432039074,14.3,2022-12-13T17:30:57Z,0.54
c4257c0qi9clu8nikfgg,c50fv8u7kn8vcc9cd6cg,False,True,36.0036,-78.93817,4,4,4,4,17,4,8143,35,41,41,41,41,38,81432039074,13.4,2022-12-13T17:45:57Z,0.55
c4257c0qi9clu8nikfgg,c50fv8u7kn8vcc9cd6cg,False,True,36.0036,-78.93817,5,5,4,5,21,5,8143,35,41,41,41,41,34,81432039074,16.1,2022-12-13T18:00:57Z,0.57
c4257c0qi9clu8nikfgg,c50fv8u7kn8vcc9cd6cg,False,True,36.0036,-78.93817,4,4,4,4,17,4,8143,32,38,38,38,38,33,81432039074,16.1,2022-12-13T18:15:57Z,0.55
c4257c0qi9clu8nikfgg,c50fv8u7kn8vcc9cd6cg,False,True,36.0036,-78.93817,4,4,4,4,17,4,8143,34,40,40,40,40,35,81432039074,15.4,2022-12-13T18:30:57Z,0.55
c4257c0qi9clu8nikfgg,c50fv8u7kn8vcc9cd6cg,False,True,36.0036,-78.93817,4,4,4,4,17,4,8143,33,39,38,39,39,30,81432039074,19.0,2022-12-13T18:45:57Z,0.55
c4257c0qi9clu8nikfgg,c50fv8u7kn8vcc9cd6cg,False,True,36.0036,-78.93817,4,4,4,4,17,4,8143,32,38,38,38,38,29,81432039074,18.4,2022-12-13T19:00:57Z,0.55
c4257c0qi9clu8nikfgg,c50fv8u7kn8vcc9cd6cg,False,True,36.0036,-78.93817,4,4,4,4,17,4,8143,33,39,39,39,39,32,81432039074,16.6,2022-12-13T19:15:57Z,0.56
c4257c0qi9clu8nikfgg,c50fv8u7kn8vcc9cd6cg,False,True,36.0036,-78.93817,4,4,4,4,17,4,8143,34,40,40,40,40,30,81432039074,17.7,2022-12-13T19:30:57Z,0.55
c4257c0qi9clu8nikfgg,c50fv8u7kn8vcc9cd6cg,False,True,36.0036,-78.93817,4,4,4,4,17,4,8143,33,39,39,39,39,31,81432039074,17.2,2022-12-13T19:45:57Z,0.57
c4257c0qi9clu8nikfgg,c50fv8u7kn8vcc9cd6cg,False,True,36.0036,-78.93817,4,4,4,4,17,4,8143,34,40,40,40,40,31,81432039074,17.4,2022-12-13T20:00:57Z,0.57
c4257c0qi9clu8nikfgg,c50fv8u7kn8vcc9cd6cg,False,True,36.0036,-78.93817,5,5,4,5,21,5,8143,34,41,40,41,41,31,81432039074,17.3,2022-12-13T20:15:57Z,0.56
c4257c0qi9clu8nikfgg,c50fv8u7kn8vcc9cd6cg,False,True,36.0036,-78.93817,5,5,4,5,21,5,8143,35,41,41,41,41,33,81432039074,15.9,2022-12-13T20:30:57Z,0.55
c4257c0qi9clu8nikfgg,c50fv8u7kn8vcc9cd6cg,False,True,36.0036,-78.93817,5,5,4,5,21,5,8143,36,43,42,43,43,33,81432039074,16.5,2022-12-13T20:45:57Z,0.56
c4257c0qi9clu8nikfgg,c50fv8u7kn8vcc9cd6cg,False,True,36.0036,-78.93817,5,5,4,5,21,5,8143,36,43,42,43,43,34,81432039074,15.6,2022-12-13T21:00:57Z,0.54
c4257c0qi9clu8nikfgg,c50fv8u7kn8vcc9cd6cg,False,True,36.0036,-78.93817,5,5,4,5,21,5,8143,36,43,43,43,43,35,81432039074,14.8,2022-12-13T21:15:57Z,0.56
c4257c0qi9clu8nikfgg,c50fv8u7kn8vcc9cd6cg,False,True,36.0036,-78.93817,5,5,5,5,21,5,8143,39,46,46,46,46,41,81432039074,12.0,2022-12-13T21:30:57Z,0.58
c4257c0qi9clu8nikfgg,c50fv8u7kn8vcc9cd6cg,False,True,36.0036,-78.93817,5,5,5,5,21,5,8143,40,48,48,48,48,47,81432039074,9.3,2022-12-13T21:45:57Z,0.57
c4257c0qi9clu8nikfgg,c50fv8u7kn8vcc9cd6cg,False,True,36.0036,-78.93817,5,5,5,5,21,5,8143,42,50,49,50,50,52,81432039074,7.7,2022-12-13T22:00:57Z,0.56
c4257c0qi9clu8nikfgg,c50fv8u7kn8vcc9cd6cg,False,True,36.0036,-78.93817,5,5,5,5,21,5,8143,45,53,53,53,53,55,81432039074,6.8,2022-12-13T22:15:57Z,0.57
c4257c0qi9clu8nikfgg,c50fv8u7kn8vcc9cd6cg,False,True,36.0036,-78.93817,6,6,6,6,25,6,8143,49,58,58,58,58,57,81432039074,6.5,2022-12-13T22:30:57Z,0.56
c4257c0qi9clu8nikfgg,c50fv8u7kn8vcc9cd6cg,False,True,36.0036,-78.93817,6,6,6,6,25,6,8143,51,60,60,60,60,58,81432039074,6.3,2022-12-13T22:45:57Z,0.57
c4257c0qi9clu8nikfgg,c50fv8u7kn8vcc9cd6cg,False,True,36.0036,-78.93817,6,6,6,6,25,6,8143,49,58,58,58,58,59,81432039074,6.1,2022-12-13T23:00:57Z,0.59
c4257c0qi9clu8nikfgg,c50fv8u7kn8vcc9cd6cg,False,True,36.0036,-78.93817,6,6,6,6,25,6,8143,51,60,60,60,60,60,81432039074,5.8,2022-12-13T23:15:57Z,0.58
c4257c0qi9clu8nikfgg,c50fv8u7kn8vcc9cd6cg,False,True,36.0036,-78.93817,6,6,6,6,25,6,8143,52,61,61,61,61,62,81432039074,5.6,2022-12-13T23:30:57Z,0.58
c4257c0qi9clu8nikfgg,c50fv8u7kn8vcc9cd6cg,False,True,36.0036,-78.93817,7,6,6,7,29,7,8143,56,67,66,67,67,62,81432039074,5.5,2022-12-13T23:45:57Z,0.59
c4257c0qi9clu8nikfgg,c50fv8u7kn8vcc9cd6cg,False,True,36.0036,-78.93817,7,6,7,7,29,7,8143,60,71,71,71,71,63,81432039074,5.3,2022-12-14T00:00:57Z,0.59
c4257c0qi9clu8nikfgg,c50fv8u7kn8vcc9cd6cg,False,True,36.0036,-78.93817,7,6,6,7,29,7,8143,58,68,68,68,68,64,81432039074,4.7,2022-12-14T00:15:57Z,0.58
c4257c0qi9clu8nikfgg,c50fv8u7kn8vcc9cd6cg,False,True,36.0036,-78.93817,6,6,6,6,25,6,8143,52,61,61,61,61,66,81432039074,4.3,2022-12-14T00:30:57Z,0.57
c4257c0qi9clu8nikfgg,c50fv8u7kn8vcc9cd6cg,False,True,36.0036,-78.93817,6,6,6,6,25,6,8143,54,64,64,64,64,66,81432039074,4.4,2022-12-14T00:45:57Z,0.58
c4257c0qi9clu8nikfgg,c50fv8u7kn8vcc9cd6cg,False,True,36.0036,-78.93817,6,6,6,6,25,6,8143,52,62,61,62,62,67,81432039074,4.2,2022-12-14T01:00:57Z,0.57
c4257c0qi9clu8nikfgg,c50fv8u7kn8vcc9cd6cg,False,True,36.0036,-78.93817,6,6,6,6,25,6,8143,53,63,62,62,63,67,81432039074,4.2,2022-12-14T01:15:57Z,0.58
c4257c0qi9clu8nikfgg,c50fv8u7kn8vcc9cd6cg,False,True,36.0036,-78.93817,7,6,6,7,29,7,8143,57,67,67,67,67,68,81432039074,3.9,2022-12-14T01:30:57Z,0.58
c4257c0qi9clu8nikfgg,c50fv8u7kn8vcc9cd6cg,False,True,36.0036,-78.93817,6,6,6,6,25,6,8143,55,66,65,66,66,68,81432039074,3.9,2022-12-14T01:45:57Z,0.58
c4257c0qi9clu8nikfgg,c50fv8u7kn8vcc9cd6cg,False,True,36.0036,-78.93817,7,6,6,7,29,7,8143,56,66,66,66,66,69,81432039074,3.7,2022-12-14T02:00:57Z,0.59
c4257c0qi9clu8nikfgg,c50fv8u7kn8vcc9cd6cg,False,True,36.0036,-78.93817,7,6,7,7,29,7,8143,61,72,72,72,72,70,81432039074,3.5,2022-12-14T02:15:57Z,0.6
c4257c0qi9clu8nikfgg,c50fv8u7kn8vcc9cd6cg,False,True,36.0036,-78.93817,7,6,7,7,29,7,8143,60,71,71,71,71,71,81432039074,3.3,2022-12-14T02:30:57Z,0.59
c4257c0qi9clu8nikfgg,c50fv8u7kn8vcc9cd6cg,False,True,36.0036,-78.93817,8,7,7,8,33,8,8143,65,77,76,77,77,72,81432039074,3.1,2022-12-14T02:45:57Z,0.59
c4257c0qi9clu8nikfgg,c50fv8u7kn8vcc9cd6cg,False,True,36.0036,-78.93817,8,7,8,8,33,8,8143,71,84,84,84,84,74,81432039074,2.5,2022-12-14T03:00:57Z,0.6
c4257c0qi9clu8nikfgg,c50fv8u7kn8vcc9cd6cg,False,True,36.0036,-78.93817,9,8,8,9,38,9,8143,76,90,89,90,90,75,81432039074,2.0,2022-12-14T03:15:57Z,0.61
c4257c0qi9clu8nikfgg,c50fv8u7kn8vcc9cd6cg,False,True,36.0036,-78.93817,9,8,8,9,38,9,8143,74,88,88,88,88,77,81432039074,1.7,2022-12-14T03:30:57Z,0.6
c4257c0qi9clu8nikfgg,c50fv8u7kn8vcc9cd6cg,False,True,36.0036,-78.93817,7,6,7,7,29,7,8143,65,76,76,76,76,77,81432039074,1.6,2022-12-14T03:45:57Z,0.6
c4257c0qi9clu8nikfgg,c50fv8u7kn8vcc9cd6cg,False,True,36.0036,-78.93817,7,6,7,7,29,7,8143,64,76,75,76,76,78,81432039074,1.4,2022-12-14T04:00:57Z,0.6
c4257c0qi9clu8nikfgg,c50fv8u7kn8vcc9cd6cg,False,True,36.0036,-78.93817,8,7,7,7,29,8,8143,65,77,77,77,77,78,81432039074,1.2,2022-12-14T04:15:57Z,0.61
c4257c0qi9clu8nikfgg,c50fv8u7kn8vcc9cd6cg,False,True,36.0036,-78.93817,8,7,7,8,33,8,8143,66,79,78,79,79,79,81432039074,0.9,2022-12-14T04:30:57Z,0.59
c4257c0qi9clu8nikfgg,c50fv8u7kn8vcc9cd6cg,False,True,36.0036,-78.93817,8,7,7,8,33,8,8143,68,80,80,80,80,80,81432039074,0.7,2022-12-14T04:45:57Z,0.59
c4257c0qi9clu8nikfgg,c50fv8u7kn8vcc9cd6cg,False,True,36.0036,-78.93817,8,7,8,8,33,8,8143,71,84,83,84,84,80,81432039074,0.7,2022-12-14T05:00:57Z,0.6
c4257c0qi9clu8nikfgg,c50fv8u7kn8vcc9cd6cg,False,True,36.0036,-78.93817,9,8,8,9,38,9,8143,75,89,89,89,89,80,81432039074,0.8,2022-12-14T05:15:57Z,0.59
c4257c0qi9clu8nikfgg,c50fv8u7kn8vcc9cd6cg,False,True,36.0036,-78.93817,9,8,8,8,33,9,8143,74,88,87,88,88,80,81432039074,0.7,2022-12-14T05:30:57Z,0.62
c4257c0qi9clu8nikfgg,c50fv8u7kn8vcc9cd6cg,False,True,36.0036,-78.93817,8,7,8,8,33,8,8143,71,84,83,84,84,80,81432039074,0.6,2022-12-14T05:45:57Z,0.6
c4257c0qi9clu8nikfgg,c50fv8u7kn8vcc9cd6cg,False,True,36.0036,-78.93817,8,7,8,8,33,8,8143,71,84,84,84,84,80,81432039074,0.4,2022-12-14T06:00:57Z,0.61
c4257c0qi9clu8nikfgg,c50fv8u7kn8vcc9cd6cg,False,True,36.0036,-78.93817,8,7,8,8,33,8,8143,71,85,84,85,85,81,81432039074,0.4,2022-12-14T06:15:57Z,0.61
c4257c0qi9clu8nikfgg,c50fv8u7kn8vcc9cd6cg,False,True,36.0036,-78.93817,8,7,8,8,33,8,8143,74,87,87,87,87,81,81432039074,0.4,2022-12-14T06:30:57Z,0.6
c4257c0qi9clu8nikfgg,c50fv8u7kn8vcc9cd6cg,False,True,36.0036,-78.93817,9,8,8,8,33,9,8143,74,88,87,88,88,81,81432039074,0.3,2022-12-14T06:45:57Z,0.61
c4257c0qi9clu8nikfgg,c50fv8u7kn8vcc9cd6cg,False,True,36.0036,-78.93817,9,8,8,8,33,9,8143,75,89,88,89,89,81,81432039074,0.2,2022-12-14T07:00:57Z,0.61
c4257c0qi9clu8nikfgg,c50fv8u7kn8vcc9cd6cg,False,True,36.0036,-78.93817,9,8,8,8,33,9,8143,75,89,88,89,89,82,81432039074,0.1,2022-12-14T07:15:57Z,0.61
c4257c0qi9clu8nikfgg,c50fv8u7kn8vcc9cd6cg,False,True,36.0036,-78.93817,9,8,8,9,38,9,8143,75,89,89,89,89,82,81432039074,0.2,2022-12-14T07:30:57Z,0.6
c4257c0qi9clu8nikfgg,c50fv8u7kn8vcc9cd6cg,False,True,36.0036,-78.93817,9,8,8,8,33,8,8143,75,89,88,89,89,82,81432039074,0.2,2022-12-14T07:45:57Z,0.61
c4257c0qi9clu8nikfgg,c50fv8u7kn8vcc9cd6cg,False,True,36.0036,-78.93817,8,7,8,8,33,8,8143,74,87,87,87,87,81,81432039074,0.1,2022-12-14T08:00:57Z,0.6
c4257c0qi9clu8nikfgg,c50fv8u7kn8vcc9cd6cg,False,True,36.0036,-78.93817,8,7,8,8,33,8,8143,75,89,88,89,89,82,81432039074,0.1,2022-12-14T08:15:57Z,0.6
c4257c0qi9clu8nikfgg,c50fv8u7kn8vcc9cd6cg,False,True,36.0036,-78.93817,8,7,8,8,33,8,8143,75,89,88,89,89,82,81432039074,0.0,2022-12-14T08:30:57Z,0.6
c4257c0qi9clu8nikfgg,c50fv8u7kn8vcc9cd6cg,False,True,36.0036,-78.93817,9,8,8,9,38,9,8143,76,90,89,90,90,82,81432039074,0.0,2022-12-14T08:45:57Z,0.62
c4257c0qi9clu8nikfgg,c50fv8u7kn8vcc9cd6cg,False,True,36.0036,-78.93817,9,8,8,9,38,9,8143,76,90,89,89,89,82,81432039074,0.0,2022-12-14T09:00:57Z,0.61
c4257c0qi9clu8nikfgg,c50fv8u7kn8vcc9cd6cg,False,True,36.0036,-78.93817,8,7,8,8,33,8,8143,73,87,86,87,87,82,81432039074,0.0,2022-12-14T09:15:57Z,0.6
c4257c0qi9clu8nikfgg,c50fv8u7kn8vcc9cd6cg,False,True,36.0036,-78.93817,8,7,7,8,33,8,8143,70,83,83,83,83,82,81432039074,0.0,2022-12-14T09:30:57Z,0.59
c4257c0qi9clu8nikfgg,c50fv8u7kn8vcc9cd6cg,False,True,36.0036,-78.93817,9,8,8,8,33,9,8143,75,89,89,89,89,82,81432039074,-0.1,2022-12-14T09:45:57Z,0.61
c4257c0qi9clu8nikfgg,c50fv8u7kn8vcc9cd6cg,False,True,36.0036,-78.93817,9,8,8,9,38,9,8143,76,90,89,90,90,82,81432039074,0.1,2022-12-14T10:00:57Z,0.6
c4257c0qi9clu8nikfgg,c50fv8u7kn8vcc9cd6cg,False,True,36.0036,-78.93817,8,7,8,8,33,8,8143,74,87,87,87,87,82,81432039074,0.1,2022-12-14T10:15:57Z,0.62
c4257c0qi9clu8nikfgg,c50fv8u7kn8vcc9cd6cg,False,True,36.0036,-78.93817,9,8,8,9,38,9,8143,78,92,91,92,92,83,81432039074,0.2,2022-12-14T10:30:57Z,0.59
c4257c0qi9clu8nikfgg,c50fv8u7kn8vcc9cd6cg,False,True,36.0036,-78.93817,9,8,8,9,38,9,8143,76,90,90,90,90,82,81432039074,0.2,2022-12-14T10:45:57Z,0.6
c4257c0qi9clu8nikfgg,c50fv8u7kn8vcc9cd6cg,False,True,36.0036,-78.93817,8,7,8,8,33,8,8143,75,89,88,89,89,83,81432039074,0.4,2022-12-14T11:00:57Z,0.6
c4257c0qi9clu8nikfgg,c50fv8u7kn8vcc9cd6cg,False,True,36.0036,-78.93817,9,8,9,9,38,9,8143,80,94,94,94,94,83,81432039074,0.7,2022-12-14T11:15:57Z,0.62
c4257c0qi9clu8nikfgg,c50fv8u7kn8vcc9cd6cg,False,True,36.0036,-78.93817,10,9,9,10,42,10,8143,87,103,103,103,103,83,81432039074,1.0,2022-12-14T11:30:57Z,0.61
c4257c0qi9clu8nikfgg,c50fv8u7kn8vcc9cd6cg,False,True,36.0036,-78.93817,10,9,9,10,42,10,8143,85,101,100,101,101,82,81432039074,1.3,2022-12-14T11:45:57Z,0.61
c4257c0qi9clu8nikfgg,c50fv8u7kn8vcc9cd6cg,False,True,36.0036,-78.93817,10,9,9,10,42,10,8143,85,100,100,100,100,82,81432039074,1.6,2022-12-14T12:00:57Z,0.61
c4257c0qi9clu8nikfgg,c50fv8u7kn8vcc9cd6cg,False,True,36.0036,-78.93817,9,8,8,9,38,9,8143,78,93,92,93,93,82,81432039074,1.8,2022-12-14T12:15:57Z,0.61
c4257c0qi9clu8nikfgg,c50fv8u7kn8vcc9cd6cg,False,True,36.0036,-78.93817,9,8,9,9,38,9,8143,81,96,95,96,96,81,81432039074,2.1,2022-12-14T12:30:57Z,0.62
c4257c0qi9clu8nikfgg,c50fv8u7kn8vcc9cd6cg,False,True,36.0036,-78.93817,10,9,9,10,42,10,8143,82,98,97,98,98,80,81432039074,2.5,2022-12-14T12:45:57Z,0.62
c4257c0qi9clu8nikfgg,c50fv8u7kn8vcc9cd6cg,False,True,36.0036,-78.93817,10,9,9,10,42,10,8143,82,97,96,97,97,79,81432039074,2.9,2022-12-14T13:00:57Z,0.62
c4257c0qi9clu8nikfgg,c50fv8u7kn8vcc9cd6cg,False,True,36.0036,-78.93817,10,9,9,10,42,10,8143,82,98,97,98,98,77,81432039074,3.4,2022-12-14T13:15:57Z,0.62
c4257c0qi9clu8nikfgg,c50fv8u7kn8vcc9cd6cg,False,True,36.0036,-78.93817,10,9,9,10,42,10,8143,83,98,98,98,98,75,81432039074,4.1,2022-12-14T13:30:57Z,0.61
c4257c0qi9clu8nikfgg,c50fv8u7kn8vcc9cd6cg,False,True,36.0036,-78.93817,10,9,9,10,42,10,8143,81,96,95,96,96,71,81432039074,5.1,2022-12-14T13:45:57Z,0.6
c4257c0qi9clu8nikfgg,c50fv8u7kn8vcc9cd6cg,False,True,36.0036,-78.93817,10,9,9,10,42,10,8143,83,99,98,99,99,67,81432039074,6.1,2022-12-14T14:00:57Z,0.6
c4257c0qi9clu8nikfgg,c50fv8u7kn8vcc9cd6cg,False,True,36.0036,-78.93817,9,8,9,9,38,9,8143,77,91,90,91,91,65,81432039074,6.6,2022-12-14T14:15:57Z,0.6
c4257c0qi9clu8nikfgg,c50fv8u7kn8vcc9cd6cg,False,True,36.0036,-78.93817,10,9,10,10,42,10,8143,83,99,98,99,99,64,81432039074,6.9,2022-12-14T14:30:57Z,0.6
c4257c0qi9clu8nikfgg,c50fv8u7kn8vcc9cd6cg,False,True,36.0036,-78.93817,9,8,9,9,38,9,8143,74,88,88,88,88,63,81432039074,7.2,2022-12-14T14:45:57Z,0.58
c4257c0qi9clu8nikfgg,c50fv8u7kn8vcc9cd6cg,False,True,36.0036,-78.93817,9,8,9,9,38,9,8143,75,89,88,89,89,62,81432039074,7.1,2022-12-14T15:00:57Z,0.58
c4257c0qi9clu8nikfgg,c50fv8u7kn8vcc9cd6cg,False,True,36.0036,-78.93817,9,8,9,9,38,9,8143,75,89,88,89,89,62,81432039074,7.1,2022-12-14T15:15:59Z,0.58
c4257c0qi9clu8nikfgg,c50fv8u7kn8vcc9cd6cg,False,True,36.0036,-78.93817,9,8,8,9,38,9,8143,71,84,83,84,84,60,81432039074,7.5,2022-12-14T15:30:59Z,0.57
c4257c0qi9clu8nikfgg,c50fv8u7kn8vcc9cd6cg,False,True,36.0036,-78.93817,9,8,8,9,38,9,8143,71,84,84,84,84,59,81432039074,8.0,2022-12-14T15:45:59Z,0.57
c4257c0qi9clu8nikfgg,c50fv8u7kn8vcc9cd6cg,False,True,36.0036,-78.93817,9,8,9,9,38,9,8143,76,90,89,90,90,58,81432039074,8.3,2022-12-14T16:00:59Z,0.57
c4257c0qi9clu8nikfgg,c50fv8u7kn8vcc9cd6cg,False,True,36.0036,-78.93817,9,8,9,9,38,9,8143,75,89,89,89,89,56,81432039074,8.6,2022-12-14T16:15:59Z,0.59
c4257c0qi9clu8nikfgg,c50fv8u7kn8vcc9cd6cg,False,True,36.0036,-78.93817,9,8,9,9,38,9,8143,76,90,89,90,90,56,81432039074,8.7,2022-12-14T16:30:59Z,0.58
c4257c0qi9clu8nikfgg,c50fv8u7kn8vcc9cd6cg,False,True,36.0036,-78.93817,9,8,9,9,38,9,8143,77,91,90,91,91,56,81432039074,8.9,2022-12-14T16:45:59Z,0.59
c4257c0qi9clu8nikfgg,c50fv8u7kn8vcc9cd6cg,False,True,36.0036,-78.93817,9,8,9,9,38,9,8143,75,89,88,89,89,55,81432039074,9.2,2022-12-14T17:00:59Z,0.59
c4257c0qi9clu8nikfgg,c50fv8u7kn8vcc9cd6cg,False,True,36.0036,-78.93817,9,8,8,9,38,9,8143,73,86,85,86,86,54,81432039074,9.5,2022-12-14T17:15:59Z,0.59
c4257c0qi9clu8nikfgg,c50fv8u7kn8vcc9cd6cg,False,True,36.0036,-78.93817,9,8,8,9,38,9,8143,71,84,84,84,84,53,81432039074,9.4,2022-12-14T17:30:59Z,0.59
c4257c0qi9clu8nikfgg,c50fv8u7kn8vcc9cd6cg,False,True,36.0036,-78.93817,9,8,8,9,38,9,8143,71,84,84,84,84,53,81432039074,9.6,2022-12-14T17:45:59Z,0.6
c4257c0qi9clu8nikfgg,c50fv8u7kn8vcc9cd6cg,False,True,36.0036,-78.93817,9,8,8,9,38,9,8143,72,85,84,85,85,53,81432039074,9.8,2022-12-14T18:00:59Z,0.6
c4257c0qi9clu8nikfgg,c50fv8u7kn8vcc9cd6cg,False,True,36.0036,-78.93817,9,8,9,9,38,9,8143,72,86,85,86,86,52,81432039074,10.1,2022-12-14T18:15:59Z,0.6
c4257c0qi9clu8nikfgg,c50fv8u7kn8vcc9cd6cg,False,True,36.0036,-78.93817,9,8,8,9,38,9,8143,70,82,82,82,82,51,81432039074,10.3,2022-12-14T18:30:59Z,0.6
c4257c0qi9clu8nikfgg,c50fv8u7kn8vcc9cd6cg,False,True,36.0036,-78.93817,8,7,7,8,33,8,8143,62,74,73,74,74,50,81432039074,10.3,2022-12-14T18:45:59Z,0.62
c4257c0qi9clu8nikfgg,c50fv8u7kn8vcc9cd6cg,False,True,36.0036,-78.93817,9,8,8,9,38,9,8143,71,84,83,84,84,49,81432039074,10.4,2022-12-14T19:00:59Z,0.6
c4257c0qi9clu8nikfgg,c50fv8u7kn8vcc9cd6cg,False,True,36.0036,-78.93817,11,10,10,11,46,11,8143,85,100,100,100,100,49,81432039074,10.1,2022-12-14T19:15:59Z,0.61
c4257c0qi9clu8nikfgg,c50fv8u7kn8vcc9cd6cg,False,True,36.0036,-78.93817,11,10,10,11,46,11,8143,86,102,101,102,102,52,81432039074,9.8,2022-12-14T19:30:59Z,0.6
c4257c0qi9clu8nikfgg,c50fv8u7kn8vcc9cd6cg,False,True,36.0036,-78.93817,13,12,12,13,53,13,8143,101,120,119,120,120,55,81432039074,9.3,2022-12-14T19:45:59Z,0.61
c4257c0qi9clu8nikfgg,c50fv8u7kn8vcc9cd6cg,False,True,36.0036,-78.93817,12,11,12,12,50,12,8143,100,119,118,119,119,58,81432039074,8.9,2022-12-14T20:00:59Z,0.6
c4257c0qi9clu8nikfgg,c50fv8u7kn8vcc9cd6cg,False,True,36.0036,-78.93817,12,11,11,12,50,12,8143,99,117,116,117,117,58,81432039074,8.7,2022-12-14T20:15:59Z,0.62
c4257c0qi9clu8nikfgg,c50fv8u7kn8vcc9cd6cg,False,True,36.0036,-78.93817,11,10,11,11,46,11,8143,92,109,108,109,109,59,81432039074,8.6,2022-12-14T20:30:59Z,0.61
c4257c0qi9clu8nikfgg,c50fv8u7kn8vcc9cd6cg,False,True,36.0036,-78.93817,11,10,10,11,46,11,8143,86,102,102,102,102,59,81432039074,8.6,2022-12-14T20:45:59Z,0.6
c4257c0qi9clu8nikfgg,c50fv8u7kn8vcc9cd6cg,False,True,36.0036,-78.93817,10,9,10,10,42,10,8143,84,100,99,100,100,60,81432039074,8.5,2022-12-14T21:00:59Z,0.6
c4257c0qi9clu8nikfgg,c50fv8u7kn8vcc9cd6cg,False,True,36.0036,-78.93817,10,9,10,10,42,10,8143,84,99,99,99,99,61,81432039074,8.4,2022-12-14T21:15:59Z,0.61
c4257c0qi9clu8nikfgg,c50fv8u7kn8vcc9cd6cg,False,True,36.0036,-78.93817,10,9,9,10,42,10,8143,80,95,94,95,95,60,81432039074,8.5,2022-12-14T21:30:59Z,0.61
c4257c0qi9clu8nikfgg,c50fv8u7kn8vcc9cd6cg,False,True,36.0036,-78.93817,10,9,9,10,42,10,8143,77,92,91,92,92,59,81432039074,8.4,2022-12-14T21:45:59Z,0.61
c4257c0qi9clu8nikfgg,c50fv8u7kn8vcc9cd6cg,False,True,36.0036,-78.93817,9,8,9,9,38,9,8143,77,91,90,90,90,60,81432039074,8.4,2022-12-14T22:00:59Z,0.6
c4257c0qi9clu8nikfgg,c50fv8u7kn8vcc9cd6cg,False,True,36.0036,-78.93817,10,9,9,10,42,10,8143,78,93,92,93,93,62,81432039074,8.3,2022-12-14T22:15:59Z,0.6
c4257c0qi9clu8nikfgg,c50fv8u7kn8vcc9cd6cg,False,True,36.0036,-78.93817,10,9,9,10,42,10,8143,81,95,95,95,95,67,81432039074,7.8,2022-12-14T22:30:59Z,0.6
c4257c0qi9clu8nikfgg,c50fv8u7kn8vcc9cd6cg,False,True,36.0036,-78.93817,10,9,9,10,42,10,8143,82,97,96,97,97,69,81432039074,7.4,2022-12-14T22:45:59Z,0.61
c4257c0qi9clu8nikfgg,c50fv8u7kn8vcc9cd6cg,False,True,36.0036,-78.93817,10,9,10,10,42,10,8143,85,100,100,100,100,70,81432039074,7.3,2022-12-14T23:00:59Z,0.61
c4257c0qi9clu8nikfgg,c50fv8u7kn8vcc9cd6cg,False,True,36.0036,-78.93817,10,9,10,10,42,10,8143,85,101,100,101,101,71,81432039074,7.3,2022-12-14T23:15:59Z,0.6
c4257c0qi9clu8nikfgg,c50fv8u7kn8vcc9cd6cg,False,True,36.0036,-78.93817,10,9,10,10,42,10,8143,86,102,101,102,102,71,81432039074,7.4,2022-12-14T23:30:59Z,0.59
c4257c0qi9clu8nikfgg,c50fv8u7kn8vcc9cd6cg,False,True,36.0036,-78.93817,11,10,10,11,46,11,8143,90,106,106,106,106,70,81432039074,7.6,2022-12-14T23:45:59Z,0.59
c4257c0qi9clu8nikfgg,c50fv8u7kn8vcc9cd6cg,False,True,36.0036,-78.93817,11,10,11,11,46,11,8143,93,110,109,110,110,72,81432039074,7.6,2022-12-15T00:00:59Z,0.61
c4257c0qi9clu8nikfgg,c50fv8u7kn8vcc9cd6cg,False,True,36.0036,-78.93817,12,11,11,12,50,12,8143,94,112,111,112,112,74,81432039074,7.4,2022-12-15T00:15:59Z,0.61
c4257c0qi9clu8nikfgg,c50fv8u7kn8vcc9cd6cg,False,True,36.0036,-78.93817,12,11,11,12,50,12,8143,96,114,113,114,114,75,81432039074,7.2,2022-12-15T00:30:59Z,0.63
c4257c0qi9clu8nikfgg,c50fv8u7kn8vcc9cd6cg,False,True,36.0036,-78.93817,12,11,11,11,46,12,8143,93,111,110,111,111,77,81432039074,7.0,2022-12-15T00:45:59Z,0.62
c4257c0qi9clu8nikfgg,c50fv8u7kn8vcc9cd6cg,False,True,36.0036,-78.93817,11,10,10,11,46,11,8143,90,107,106,107,107,79,81432039074,6.9,2022-12-15T01:00:59Z,0.62
c4257c0qi9clu8nikfgg,c50fv8u7kn8vcc9cd6cg,False,True,36.0036,-78.93817,11,10,10,11,46,11,8143,88,105,104,105,105,80,81432039074,7.0,2022-12-15T01:15:59Z,0.62
c4257c0qi9clu8nikfgg,c50fv8u7kn8vcc9cd6cg,False,True,36.0036,-78.93817,11,10,10,11,46,11,8143,88,104,104,104,104,80,81432039074,6.9,2022-12-15T01:30:59Z,0.62
c4257c0qi9clu8nikfgg,c50fv8u7kn8vcc9cd6cg,False,True,36.0036,-78.93817,11,10,10,11,46,11,8143,87,103,102,103,103,80,81432039074,6.9,2022-12-15T01:45:59Z,0.63
c4257c0qi9clu8nikfgg,c50fv8u7kn8vcc9cd6cg,False,True,36.0036,-78.93817,11,10,10,11,46,11,8143,89,106,105,106,106,81,81432039074,6.7,2022-12-15T02:00:59Z,0.62
c4257c0qi9clu8nikfgg,c50fv8u7kn8vcc9cd6cg,False,True,36.0036,-78.93817,11,10,10,11,46,11,8143,87,103,102,103,103,82,81432039074,6.6,2022-12-15T02:15:59Z,0.63
c4257c0qi9clu8nikfgg,c50fv8u7kn8vcc9cd6cg,False,True,36.0036,-78.93817,10,9,10,10,42,10,8143,85,101,100,101,101,82,81432039074,6.5,2022-12-15T02:30:59Z,0.62
c4257c0qi9clu8nikfgg,c50fv8u7kn8vcc9cd6cg,False,True,36.0036,-78.93817,11,10,10,10,42,11,8143,84,100,99,100,100,82,81432039074,6.4,2022-12-15T02:45:59Z,0.64
c4257c0qi9clu8nikfgg,c50fv8u7kn8vcc9cd6cg,False,True,36.0036,-78.93817,11,10,10,10,42,11,8143,84,100,99,100,100,82,81432039074,6.4,2022-12-15T03:00:59Z,0.64
c4257c0qi9clu8nikfgg,c50fv8u7kn8vcc9cd6cg,False,True,36.0036,-78.93817,11,10,10,11,46,11,8143,85,101,100,101,101,82,81432039074,6.4,2022-12-15T03:15:59Z,0.65
c4257c0qi9clu8nikfgg,c50fv8u7kn8vcc9cd6cg,False,True,36.0036,-78.93817,11,10,10,11,46,11,8143,86,102,101,102,102,82,81432039074,6.3,2022-12-15T03:30:59Z,0.64
c4257c0qi9clu8nikfgg,c50fv8u7kn8vcc9cd6cg,False,True,36.0036,-78.93817,11,10,10,11,46,11,8143,88,105,104,105,105,83,81432039074,6.3,2022-12-15T03:45:59Z,0.64
c4257c0qi9clu8nikfgg,c50fv8u7kn8vcc9cd6cg,False,True,36.0036,-78.93817,12,11,10,11,46,11,8143,90,107,106,107,107,83,81432039074,6.3,2022-12-15T04:00:59Z,0.65
c4257c0qi9clu8nikfgg,c50fv8u7kn8vcc9cd6cg,False,True,36.0036,-78.93817,11,10,10,11,46,11,8143,86,103,102,103,103,83,81432039074,6.2,2022-12-15T04:15:59Z,0.66
c4257c0qi9clu8nikfgg,c50fv8u7kn8vcc9cd6cg,False,True,36.0036,-78.93817,11,10,9,10,42,11,8143,83,99,98,99,99,83,81432039074,6.2,2022-12-15T04:30:59Z,0.65
c4257c0qi9clu8nikfgg,c50fv8u7kn8vcc9cd6cg,False,True,36.0036,-78.93817,10,9,9,10,42,10,8143,81,96,95,96,96,84,81432039074,6.1,2022-12-15T04:45:59Z,0.65
c4257c0qi9clu8nikfgg,c50fv8u7kn8vcc9cd6cg,False,True,36.0036,-78.93817,10,9,9,10,42,10,8143,77,92,91,92,92,84,81432039074,6.0,2022-12-15T05:00:59Z,0.64
c4257c0qi9clu8nikfgg,c50fv8u7kn8vcc9cd6cg,False,True,36.0036,-78.93817,10,9,9,9,38,10,8143,77,91,91,91,91,84,81432039074,6.0,2022-12-15T05:15:59Z,0.64
c4257c0qi9clu8nikfgg,c50fv8u7kn8vcc9cd6cg,False,True,36.0036,-78.93817,10,9,9,10,42,10,8143,80,95,94,95,95,84,81432039074,5.9,2022-12-15T05:30:59Z,0.64
c4257c0qi9clu8nikfgg,c50fv8u7kn8vcc9cd6cg,False,True,36.0036,-78.93817,10,9,9,10,42,10,8143,79,95,94,95,95,84,81432039074,5.9,2022-12-15T05:45:59Z,0.65
c4257c0qi9clu8nikfgg,c50fv8u7kn8vcc9cd6cg,False,True,36.0036,-78.93817,10,9,9,10,42,10,8143,79,95,94,95,95,84,81432039074,5.9,2022-12-15T06:00:59Z,0.65
c4257c0qi9clu8nikfgg,c50fv8u7kn8vcc9cd6cg,False,True,36.0036,-78.93817,9,8,8,9,38,9,8143,73,87,87,87,87,84,81432039074,5.8,2022-12-15T06:15:59Z,0.65
c4257c0qi9clu8nikfgg,c50fv8u7kn8vcc9cd6cg,False,True,36.0036,-78.93817,9,8,8,9,38,9,8143,71,84,84,84,84,85,81432039074,5.8,2022-12-15T06:30:59Z,0.63
c4257c0qi9clu8nikfgg,c50fv8u7kn8vcc9cd6cg,False,True,36.0036,-78.93817,8,7,7,8,33,8,8143,65,77,76,77,77,84,81432039074,5.8,2022-12-15T06:45:59Z,0.62
c4257c0qi9clu8nikfgg,c50fv8u7kn8vcc9cd6cg,False,True,36.0036,-78.93817,8,7,7,8,33,8,8143,61,72,72,72,72,84,81432039074,5.8,2022-12-15T07:00:59Z,0.63
c4257c0qi9clu8nikfgg,c50fv8u7kn8vcc9cd6cg,False,True,36.0036,-78.93817,8,7,7,8,33,8,8143,63,75,74,75,75,84,81432039074,5.8,2022-12-15T07:15:59Z,0.62
c4257c0qi9clu8nikfgg,c50fv8u7kn8vcc9cd6cg,False,True,36.0036,-78.93817,8,7,7,8,33,8,8143,62,74,74,74,74,84,81432039074,5.8,2022-12-15T07:30:59Z,0.62
c4257c0qi9clu8nikfgg,c50fv8u7kn8vcc9cd6cg,False,True,36.0036,-78.93817,8,7,7,8,33,8,8143,63,75,74,75,75,84,81432039074,5.8,2022-12-15T07:45:59Z,0.63
c4257c0qi9clu8nikfgg,c50fv8u7kn8vcc9cd6cg,False,True,36.0036,-78.93817,8,7,7,8,33,8,8143,62,74,73,74,74,84,81432039074,5.8,2022-12-15T08:00:59Z,0.61
c4257c0qi9clu8nikfgg,c50fv8u7kn8vcc9cd6cg,False,True,36.0036,-78.93817,8,7,7,8,33,8,8143,62,74,74,74,74,84,81432039074,5.8,2022-12-15T08:15:59Z,0.62
c4257c0qi9clu8nikfgg,c50fv8u7kn8vcc9cd6cg,False,True,36.0036,-78.93817,8,7,7,8,33,8,8143,63,75,75,75,75,84,81432039074,5.8,2022-12-15T08:30:59Z,0.63
c4257c0qi9clu8nikfgg,c50fv8u7kn8vcc9cd6cg,False,True,36.0036,-78.93817,8,7,7,8,33,8,8143,63,75,74,75,75,84,81432039074,5.8,2022-12-15T08:45:59Z,0.63
c4257c0qi9clu8nikfgg,c50fv8u7kn8vcc9cd6cg,False,True,36.0036,-78.93817,8,7,7,8,33,8,8143,63,74,74,74,74,84,81432039074,5.7,2022-12-15T09:00:59Z,0.61
c4257c0qi9clu8nikfgg,c50fv8u7kn8vcc9cd6cg,False,True,36.0036,-78.93817,8,7,7,8,33,8,8143,62,74,73,74,74,84,81432039074,5.8,2022-12-15T09:15:59Z,0.63
c4257c0qi9clu8nikfgg,c50fv8u7kn8vcc9cd6cg,False,True,36.0036,-78.93817,8,7,7,8,33,8,8143,62,74,74,74,74,84,81432039074,5.8,2022-12-15T09:30:59Z,0.63
c4257c0qi9clu8nikfgg,c50fv8u7kn8vcc9cd6cg,False,True,36.0036,-78.93817,8,7,7,8,33,8,8143,62,73,73,73,73,84,81432039074,5.7,2022-12-15T09:45:59Z,0.62
c4257c0qi9clu8nikfgg,c50fv8u7kn8vcc9cd6cg,False,True,36.0036,-78.93817,8,7,7,8,33,8,8143,63,75,74,75,75,84,81432039074,5.8,2022-12-15T10:00:59Z,0.62
c4257c0qi9clu8nikfgg,c50fv8u7kn8vcc9cd6cg,False,True,36.0036,-78.93817,8,7,7,8,33,8,8143,62,75,74,75,75,85,81432039074,5.8,2022-12-15T10:15:59Z,0.64
c4257c0qi9clu8nikfgg,c50fv8u7kn8vcc9cd6cg,False,True,36.0036,-78.93817,8,7,7,7,29,8,8143,61,73,72,72,73,85,81432039074,5.9,2022-12-15T10:30:59Z,0.63
c4257c0qi9clu8nikfgg,c50fv8u7kn8vcc9cd6cg,False,True,36.0036,-78.93817,8,7,7,7,29,8,8143,60,71,71,71,71,85,81432039074,6.0,2022-12-15T10:45:59Z,0.63
c4257c0qi9clu8nikfgg,c50fv8u7kn8vcc9cd6cg,False,True,36.0036,-78.93817,7,6,7,7,29,7,8143,58,69,68,69,69,85,81432039074,6.0,2022-12-15T11:00:59Z,0.64
c4257c0qi9clu8nikfgg,c50fv8u7kn8vcc9cd6cg,False,True,36.0036,-78.93817,6,6,6,6,25,6,8143,52,62,62,62,62,85,81432039074,6.1,2022-12-15T11:15:59Z,0.62
c4257c0qi9clu8nikfgg,c50fv8u7kn8vcc9cd6cg,False,True,36.0036,-78.93817,6,6,5,5,21,6,8143,44,53,52,52,52,85,81432039074,6.0,2022-12-15T11:30:59Z,0.63
c4257c0qi9clu8nikfgg,c50fv8u7kn8vcc9cd6cg,False,True,36.0036,-78.93817,5,5,5,5,21,5,8143,40,48,47,48,48,85,81432039074,6.1,2022-12-15T11:45:59Z,0.62
c4257c0qi9clu8nikfgg,c50fv8u7kn8vcc9cd6cg,False,True,36.0036,-78.93817,5,5,4,5,21,5,8143,39,46,46,46,46,85,81432039074,6.2,2022-12-15T12:00:59Z,0.61
c4257c0qi9clu8nikfgg,c50fv8u7kn8vcc9cd6cg,False,True,36.0036,-78.93817,4,4,4,4,17,4,8143,35,41,41,41,41,85,81432039074,6.2,2022-12-15T12:15:59Z,0.6
c4257c0qi9clu8nikfgg,c50fv8u7kn8vcc9cd6cg,False,True,36.0036,-78.93817,3,3,3,3,13,3,8143,28,33,33,33,33,85,81432039074,6.2,2022-12-15T12:30:59Z,0.62
c4257c0qi9clu8nikfgg,c50fv8u7kn8vcc9cd6cg,False,True,36.0036,-78.93817,3,3,3,3,13,3,8143,22,27,26,27,27,86,81432039074,6.2,2022-12-15T12:45:59Z,0.58
c4257c0qi9clu8nikfgg,c50fv8u7kn8vcc9cd6cg,False,True,36.0036,-78.93817,2,2,2,2,8,2,8143,17,21,20,21,21,86,81432039074,6.4,2022-12-15T13:00:59Z,0.62
c4257c0qi9clu8nikfgg,c50fv8u7kn8vcc9cd6cg,False,True,36.0036,-78.93817,2,2,2,2,8,2,8143,15,18,18,18,18,85,81432039074,6.5,2022-12-15T13:15:59Z,0.57
c4257c0qi9clu8nikfgg,c50fv8u7kn8vcc9cd6cg,False,True,36.0036,-78.93817,2,2,2,2,8,2,8143,17,21,20,20,21,85,81432039074,6.5,2022-12-15T13:30:59Z,0.64
c4257c0qi9clu8nikfgg,c50fv8u7kn8vcc9cd6cg,False,True,36.0036,-78.93817,1,1,1,1,4,1,8143,11,13,13,13,13,85,81432039074,6.3,2022-12-15T13:45:59Z,0.57
c4257c0qi9clu8nikfgg,c50fv8u7kn8vcc9cd6cg,False,True,36.0036,-78.93817,1,1,1,1,4,1,8143,8,10,10,10,10,85,81432039074,6.4,2022-12-15T14:00:59Z,0.54
c4257c0qi9clu8nikfgg,c50fv8u7kn8vcc9cd6cg,False,True,36.0036,-78.93817,1,1,1,1,4,1,8143,7,9,9,9,9,85,81432039074,6.5,2022-12-15T14:15:59Z,0.54
c4257c0qi9clu8nikfgg,c50fv8u7kn8vcc9cd6cg,False,True,36.0036,-78.93817,1,1,1,1,4,1,8143,7,8,8,8,8,85,81432039074,6.5,2022-12-15T14:30:59Z,0.54
c4257c0qi9clu8nikfgg,c50fv8u7kn8vcc9cd6cg,False,True,36.0036,-78.93817,1,1,1,1,4,1,8143,6,7,7,7,7,85,81432039074,6.6,2022-12-15T14:45:59Z,0.52
c4257c0qi9clu8nikfgg,c50fv8u7kn8vcc9cd6cg,False,True,36.0036,-78.93817,1,1,1,1,4,1,8143,5,6,6,6,6,85,81432039074,6.7,2022-12-15T15:00:59Z,0.5
c4257c0qi9clu8nikfgg,c50fv8u7kn8vcc9cd6cg,False,True,36.0036,-78.93817,1,1,1,1,4,1,8143,5,6,6,6,6,85,81432039074,6.9,2022-12-15T15:15:59Z,0.49
c4257c0qi9clu8nikfgg,c50fv8u7kn8vcc9cd6cg,False,True,36.0036,-78.93817,1,1,1,1,4,1,8143,7,8,8,8,8,84,81432039074,7.2,2022-12-15T15:30:59Z,0.48
c4257c0qi9clu8nikfgg,c50fv8u7kn8vcc9cd6cg,False,True,36.0036,-78.93817,1,1,1,1,4,1,8143,5,6,6,6,6,85,81432039074,7.1,2022-12-15T15:45:59Z,0.47
c4257c0qi9clu8nikfgg,c50fv8u7kn8vcc9cd6cg,False,True,36.0036,-78.93817,1,1,1,1,4,1,8143,5,6,6,6,6,85,81432039074,7.2,2022-12-15T16:00:59Z,0.49
c4257c0qi9clu8nikfgg,c50fv8u7kn8vcc9cd6cg,False,True,36.0036,-78.93817,1,1,1,1,4,1,8143,6,7,7,7,7,85,81432039074,7.4,2022-12-15T16:15:59Z,0.49
c4257c0qi9clu8nikfgg,c50fv8u7kn8vcc9cd6cg,False,True,36.0036,-78.93817,1,1,1,1,4,1,8143,6,7,7,7,7,85,81432039074,7.5,2022-12-15T16:30:59Z,0.46
c4257c0qi9clu8nikfgg,c50fv8u7kn8vcc9cd6cg,False,True,36.0036,-78.93817,1,1,1,1,4,1,8143,5,6,6,6,6,85,81432039074,7.6,2022-12-15T16:45:59Z,0.46
c4257c0qi9clu8nikfgg,c50fv8u7kn8vcc9cd6cg,False,True,36.0036,-78.93817,1,1,1,1,4,1,8143,6,7,7,7,7,84,81432039074,7.6,2022-12-15T17:00:59Z,0.49
c4257c0qi9clu8nikfgg,c50fv8u7kn8vcc9cd6cg,False,True,36.0036,-78.93817,1,1,1,1,4,1,8143,5,6,6,6,6,85,81432039074,7.6,2022-12-15T17:15:59Z,0.48
c4257c0qi9clu8nikfgg,c50fv8u7kn8vcc9cd6cg,False,True,36.0036,-78.93817,1,1,1,1,4,1,8143,7,8,8,8,8,85,81432039074,7.7,2022-12-15T17:30:59Z,0.47
c4257c0qi9clu8nikfgg,c50fv8u7kn8vcc9cd6cg,False,True,36.0036,-78.93817,1,1,1,1,4,1,8143,7,9,8,9,9,85,81432039074,7.9,2022-12-15T17:45:59Z,0.47
c4257c0qi9clu8nikfgg,c50fv8u7kn8vcc9cd6cg,False,True,36.0036,-78.93817,1,1,1,1,4,1,8143,6,7,7,7,7,84,81432039074,8.0,2022-12-15T18:00:59Z,0.47
c4257c0qi9clu8nikfgg,c50fv8u7kn8vcc9cd6cg,False,True,36.0036,-78.93817,1,1,1,1,4,1,8143,7,8,8,8,8,85,81432039074,8.1,2022-12-15T18:15:59Z,0.5
c4257c0qi9clu8nikfgg,c50fv8u7kn8vcc9cd6cg,False,True,36.0036,-78.93817,1,1,1,1,4,1,8143,5,5,5,5,5,85,81432039074,8.3,2022-12-15T18:30:59Z,0.51
c4257c0qi9clu8nikfgg,c50fv8u7kn8vcc9cd6cg,False,True,36.0036,-78.93817,0,0,0,0,0,0,8143,3,4,4,4,4,85,81432039074,7.9,2022-12-15T18:45:59Z,0.5
c4257c0qi9clu8nikfgg,c50fv8u7kn8vcc9cd6cg,False,True,36.0036,-78.93817,0,0,0,0,0,0,8143,3,3,3,3,3,85,81432039074,7.4,2022-12-15T19:00:59Z,0.49
c4257c0qi9clu8nikfgg,c50fv8u7kn8vcc9cd6cg,False,True,36.0036,-78.93817,0,0,0,0,0,0,8143,2,3,3,3,3,85,81432039074,7.0,2022-12-15T19:15:59Z,0.51
c4257c0qi9clu8nikfgg,c50fv8u7kn8vcc9cd6cg,False,True,36.0036,-78.93817,0,0,0,0,0,0,8143,3,3,3,3,3,85,81432039074,6.4,2022-12-15T19:30:59Z,0.56
c4257c0qi9clu8nikfgg,c50fv8u7kn8vcc9cd6cg,False,True,36.0036,-78.93817,0,0,0,0,0,0,8143,2,2,2,2,2,86,81432039074,6.0,2022-12-15T19:45:59Z,0.56
c4257c0qi9clu8nikfgg,c50fv8u7kn8vcc9cd6cg,False,True,36.0036,-78.93817,0,0,0,0,0,0,8143,2,2,2,2,2,83,81432039074,6.5,2022-12-15T20:00:59Z,0.56
c4257c0qi9clu8nikfgg,c50fv8u7kn8vcc9cd6cg,False,True,36.0036,-78.93817,0,0,0,0,0,0,8143,2,2,2,2,2,82,81432039074,6.7,2022-12-15T20:15:59Z,0.56
c4257c0qi9clu8nikfgg,c50fv8u7kn8vcc9cd6cg,False,True,36.0036,-78.93817,0,0,0,0,0,0,8143,2,2,2,2,2,81,81432039074,7.2,2022-12-15T20:30:59Z,0.56
c4257c0qi9clu8nikfgg,c50fv8u7kn8vcc9cd6cg,False,True,36.0036,-78.93817,0,0,0,0,0,0,8143,2,2,2,2,2,80,81432039074,7.0,2022-12-15T20:45:59Z,0.55
c4257c0qi9clu8nikfgg,c50fv8u7kn8vcc9cd6cg,False,True,36.0036,-78.93817,0,0,0,0,0,0,8143,2,3,3,3,3,80,81432039074,6.7,2022-12-15T21:00:59Z,0.56
c4257c0qi9clu8nikfgg,c50fv8u7kn8vcc9cd6cg,False,True,36.0036,-78.93817,0,0,0,0,0,0,8143,3,3,3,3,3,81,81432039074,6.2,2022-12-15T21:15:59Z,0.55
c4257c0qi9clu8nikfgg,c50fv8u7kn8vcc9cd6cg,False,True,36.0036,-78.93817,0,0,0,0,0,0,8143,4,5,5,5,5,82,81432039074,6.1,2022-12-15T21:30:59Z,0.56
c4257c0qi9clu8nikfgg,c50fv8u7kn8vcc9cd6cg,False,True,36.0036,-78.93817,1,1,1,1,4,1,8143,6,7,7,7,7,83,81432039074,5.8,2022-12-15T21:45:59Z,0.53
c4257c0qi9clu8nikfgg,c50fv8u7kn8vcc9cd6cg,False,True,36.0036,-78.93817,1,1,1,1,4,1,8143,10,11,11,11,11,83,81432039074,5.8,2022-12-15T22:00:59Z,0.5
c4257c0qi9clu8nikfgg,c50fv8u7kn8vcc9cd6cg,False,True,36.0036,-78.93817,2,2,2,2,8,2,8143,15,18,18,18,18,84,81432039074,5.6,2022-12-15T22:15:59Z,0.48
c4257c0qi9clu8nikfgg,c50fv8u7kn8vcc9cd6cg,False,True,36.0036,-78.93817,2,2,2,2,8,2,8143,14,17,17,17,17,83,81432039074,5.5,2022-12-15T22:30:59Z,0.46
c4257c0qi9clu8nikfgg,c50fv8u7kn8vcc9cd6cg,False,True,36.0036,-78.93817,2,2,2,2,8,2,8143,14,16,16,16,16,83,81432039074,5.5,2022-12-15T22:45:59Z,0.45
c4257c0qi9clu8nikfgg,c50fv8u7kn8vcc9cd6cg,False,True,36.0036,-78.93817,2,2,2,2,8,2,8143,15,18,18,18,18,83,81432039074,5.6,2022-12-15T23:00:59Z,0.46
c4257c0qi9clu8nikfgg,c50fv8u7kn8vcc9cd6cg,False,True,36.0036,-78.93817,2,2,2,2,8,2,8143,15,18,18,18,18,83,81432039074,5.5,2022-12-15T23:15:59Z,0.47
c4257c0qi9clu8nikfgg,c50fv8u7kn8vcc9cd6cg,False,True,36.0036,-78.93817,2,2,2,2,8,2,8143,14,17,17,17,17,83,81432039074,5.6,2022-12-15T23:30:59Z,0.45
c4257c0qi9clu8nikfgg,c50fv8u7kn8vcc9cd6cg,False,True,36.0036,-78.93817,2,2,2,2,8,2,8143,15,17,17,17,17,83,81432039074,5.6,2022-12-15T23:45:59Z,0.48
c4257c0qi9clu8nikfgg,c50fv8u7kn8vcc9cd6cg,False,True,36.0036,-78.93817,2,2,2,2,8,2,8143,14,16,16,16,16,84,81432039074,5.5,2022-12-16T00:00:59Z,0.49
c4257c0qi9clu8nikfgg,c50fv8u7kn8vcc9cd6cg,False,True,36.0036,-78.93817,2,2,2,2,8,2,8143,15,18,18,18,18,84,81432039074,5.6,2022-12-16T00:15:59Z,0.49
c4257c0qi9clu8nikfgg,c50fv8u7kn8vcc9cd6cg,False,True,36.0036,-78.93817,2,2,2,2,8,2,8143,15,18,18,18,18,83,81432039074,5.7,2022-12-16T00:30:59Z,0.48
c4257c0qi9clu8nikfgg,c50fv8u7kn8vcc9cd6cg,False,True,36.0036,-78.93817,2,2,2,2,8,2,8143,14,17,17,17,17,84,81432039074,5.8,2022-12-16T00:45:59Z,0.48
c4257c0qi9clu8nikfgg,c50fv8u7kn8vcc9cd6cg,False,True,36.0036,-78.93817,2,2,2,2,8,2,8143,15,17,17,17,17,84,81432039074,5.9,2022-12-16T01:00:59Z,0.49
c4257c0qi9clu8nikfgg,c50fv8u7kn8vcc9cd6cg,False,True,36.0036,-78.93817,2,2,2,2,8,2,8143,15,17,17,17,17,84,81432039074,5.8,2022-12-16T01:15:59Z,0.5
c4257c0qi9clu8nikfgg,c50fv8u7kn8vcc9cd6cg,False,True,36.0036,-78.93817,2,2,2,2,8,2,8143,17,20,20,20,20,84,81432039074,5.8,2022-12-16T01:30:59Z,0.47
c4257c0qi9clu8nikfgg,c50fv8u7kn8vcc9cd6cg,False,True,36.0036,-78.93817,2,2,2,2,8,2,8143,17,20,19,20,20,84,81432039074,5.8,2022-12-16T01:45:59Z,0.49
c4257c0qi9clu8nikfgg,c50fv8u7kn8vcc9cd6cg,False,True,36.0036,-78.93817,2,2,2,2,8,2,8143,18,21,21,21,21,84,81432039074,6.1,2022-12-16T02:00:59Z,0.5
c4257c0qi9clu8nikfgg,c50fv8u7kn8vcc9cd6cg,False,True,36.0036,-78.93817,2,2,2,2,8,2,8143,21,25,24,25,25,83,81432039074,6.2,2022-12-16T02:15:59Z,0.5
c4257c0qi9clu8nikfgg,c50fv8u7kn8vcc9cd6cg,False,True,36.0036,-78.93817,3,3,2,3,13,3,8143,21,25,25,25,25,83,81432039074,6.2,2022-12-16T02:30:59Z,0.51
c4257c0qi9clu8nikfgg,c50fv8u7kn8vcc9cd6cg,False,True,36.0036,-78.93817,3,3,3,3,13,3,8143,22,26,26,26,26,83,81432039074,6.3,2022-12-16T02:45:59Z,0.52
c4257c0qi9clu8nikfgg,c50fv8u7kn8vcc9cd6cg,False,True,36.0036,-78.93817,3,3,2,3,13,3,8143,21,25,25,25,25,83,81432039074,6.5,2022-12-16T03:00:59Z,0.52
c4257c0qi9clu8nikfgg,c50fv8u7kn8vcc9cd6cg,False,True,36.0036,-78.93817,3,3,3,3,13,3,8143,22,26,26,26,26,82,81432039074,6.6,2022-12-16T03:15:59Z,0.5
c4257c0qi9clu8nikfgg,c50fv8u7kn8vcc9cd6cg,False,True,36.0036,-78.93817,3,3,3,3,13,3,8143,24,28,28,28,28,82,81432039074,6.6,2022-12-16T03:30:59Z,0.53
c4257c0qi9clu8nikfgg,c50fv8u7kn8vcc9cd6cg,False,True,36.0036,-78.93817,3,3,3,3,13,3,8143,23,27,27,27,27,82,81432039074,6.7,2022-12-16T03:45:59Z,0.54
c4257c0qi9clu8nikfgg,c50fv8u7kn8vcc9cd6cg,False,True,36.0036,-78.93817,3,3,3,3,13,3,8143,23,27,27,27,27,82,81432039074,6.6,2022-12-16T04:00:59Z,0.54
c4257c0qi9clu8nikfgg,c50fv8u7kn8vcc9cd6cg,False,True,36.0036,-78.93817,3,3,3,3,13,3,8143,27,32,32,32,32,83,81432039074,6.4,2022-12-16T04:15:59Z,0.56
c4257c0qi9clu8nikfgg,c50fv8u7kn8vcc9cd6cg,False,True,36.0036,-78.93817,4,4,3,4,17,4,8143,29,35,34,34,34,83,81432039074,6.4,2022-12-16T04:30:59Z,0.57
c4257c0qi9clu8nikfgg,c50fv8u7kn8vcc9cd6cg,False,True,36.0036,-78.93817,4,4,4,4,17,4,8143,31,37,37,37,37,83,81432039074,6.5,2022-12-16T04:45:59Z,0.6
c4257c0qi9clu8nikfgg,c50fv8u7kn8vcc9cd6cg,False,True,36.0036,-78.93817,4,4,3,3,13,4,8143,29,34,34,34,34,83,81432039074,6.5,2022-12-16T05:00:59Z,0.58
c4257c0qi9clu8nikfgg,c50fv8u7kn8vcc9cd6cg,False,True,36.0036,-78.93817,3,3,3,3,13,3,8143,23,27,27,27,27,83,81432039074,6.6,2022-12-16T05:15:59Z,0.56
c4257c0qi9clu8nikfgg,c50fv8u7kn8vcc9cd6cg,False,True,36.0036,-78.93817,3,3,3,3,13,3,8143,22,26,26,26,26,82,81432039074,6.7,2022-12-16T05:30:59Z,0.57
c4257c0qi9clu8nikfgg,c50fv8u7kn8vcc9cd6cg,False,True,36.0036,-78.93817,2,2,2,2,8,2,8143,19,23,22,23,23,82,81432039074,6.8,2022-12-16T05:45:59Z,0.56
c4257c0qi9clu8nikfgg,c50fv8u7kn8vcc9cd6cg,False,True,36.0036,-78.93817,2,2,2,2,8,2,8143,17,20,20,20,20,82,81432039074,6.7,2022-12-16T06:00:59Z,0.55
c4257c0qi9clu8nikfgg,c50fv8u7kn8vcc9cd6cg,False,True,36.0036,-78.93817,3,3,2,3,13,3,8143,22,26,26,26,26,82,81432039074,6.1,2022-12-16T06:15:59Z,0.54
c4257c0qi9clu8nikfgg,c50fv8u7kn8vcc9cd6cg,False,True,36.0036,-78.93817,3,3,3,3,13,3,8143,26,31,31,31,31,83,81432039074,5.4,2022-12-16T06:30:59Z,0.55
c4257c0qi9clu8nikfgg,c50fv8u7kn8vcc9cd6cg,False,True,36.0036,-78.93817,3,3,3,3,13,3,8143,28,34,33,34,34,84,81432039074,5.2,2022-12-16T06:45:59Z,0.59
c4257c0qi9clu8nikfgg,c50fv8u7kn8vcc9cd6cg,False,True,36.0036,-78.93817,4,4,4,4,17,4,8143,33,39,39,39,39,84,81432039074,4.9,2022-12-16T07:00:59Z,0.6
c4257c0qi9clu8nikfgg,c50fv8u7kn8vcc9cd6cg,False,True,36.0036,-78.93817,5,5,4,5,21,5,8143,38,45,45,45,45,84,81432039074,4.8,2022-12-16T07:15:59Z,0.62
c4257c0qi9clu8nikfgg,c50fv8u7kn8vcc9cd6cg,False,True,36.0036,-78.93817,5,5,5,5,21,5,8143,40,48,48,48,48,84,81432039074,4.9,2022-12-16T07:30:59Z,0.62
c4257c0qi9clu8nikfgg,c50fv8u7kn8vcc9cd6cg,False,True,36.0036,-78.93817,5,5,5,5,21,5,8143,42,50,49,50,50,84,81432039074,4.9,2022-12-16T07:45:59Z,0.64
c4257c0qi9clu8nikfgg,c50fv8u7kn8vcc9cd6cg,False,True,36.0036,-78.93817,6,6,5,6,25,6,8143,46,55,54,55,55,84,81432039074,4.7,2022-12-16T08:00:59Z,0.66
c4257c0qi9clu8nikfgg,c50fv8u7kn8vcc9cd6cg,False,True,36.0036,-78.93817,6,6,5,6,25,6,8143,48,58,57,58,58,84,81432039074,4.4,2022-12-16T08:15:59Z,0.68
c4257c0qi9clu8nikfgg,c50fv8u7kn8vcc9cd6cg,False,True,36.0036,-78.93817,6,6,5,6,25,6,8143,48,58,57,58,58,85,81432039074,4.3,2022-12-16T08:30:59Z,0.67
c4257c0qi9clu8nikfgg,c50fv8u7kn8vcc9cd6cg,False,True,36.0036,-78.93817,6,6,5,6,25,6,8143,48,57,56,57,57,84,81432039074,4.4,2022-12-16T08:45:59Z,0.67
c4257c0qi9clu8nikfgg,c50fv8u7kn8vcc9cd6cg,False,True,36.0036,-78.93817,6,6,5,6,25,6,8143,46,55,54,55,55,84,81432039074,4.3,2022-12-16T09:00:59Z,0.68
c4257c0qi9clu8nikfgg,c50fv8u7kn8vcc9cd6cg,False,True,36.0036,-78.93817,6,6,5,6,25,6,8143,46,55,54,54,55,85,81432039074,4.0,2022-12-16T09:15:59Z,0.67
c4257c0qi9clu8nikfgg,c50fv8u7kn8vcc9cd6cg,False,True,36.0036,-78.93817,5,5,5,5,21,5,8143,43,52,51,51,52,85,81432039074,3.9,2022-12-16T09:30:59Z,0.67
c4257c0qi9clu8nikfgg,c50fv8u7kn8vcc9cd6cg,False,True,36.0036,-78.93817,5,5,5,5,21,5,8143,43,51,51,51,51,85,81432039074,3.9,2022-12-16T09:45:59Z,0.67
c4257c0qi9clu8nikfgg,c50fv8u7kn8vcc9cd6cg,False,True,36.0036,-78.93817,5,5,5,5,21,5,8143,43,51,50,51,51,85,81432039074,4.0,2022-12-16T10:00:59Z,0.65
c4257c0qi9clu8nikfgg,c50fv8u7kn8vcc9cd6cg,False,True,36.0036,-78.93817,5,5,5,5,21,5,8143,42,50,49,50,50,83,81432039074,4.3,2022-12-16T10:15:59Z,0.66
c4257c0qi9clu8nikfgg,c50fv8u7kn8vcc9cd6cg,False,True,36.0036,-78.93817,5,5,5,5,21,5,8143,42,50,49,50,50,83,81432039074,4.1,2022-12-16T10:30:59Z,0.67
c4257c0qi9clu8nikfgg,c50fv8u7kn8vcc9cd6cg,False,True,36.0036,-78.93817,5,5,5,5,21,5,8143,42,50,50,50,50,84,81432039074,4.2,2022-12-16T10:45:59Z,0.64
c4257c0qi9clu8nikfgg,c50fv8u7kn8vcc9cd6cg,False,True,36.0036,-78.93817,5,5,5,5,21,5,8143,44,52,52,52,52,85,81432039074,4.3,2022-12-16T11:00:59Z,0.64
c4257c0qi9clu8nikfgg,c50fv8u7kn8vcc9cd6cg,False,True,36.0036,-78.93817,5,5,5,5,21,5,8143,44,52,52,52,52,84,81432039074,4.2,2022-12-16T11:15:59Z,0.63
c4257c0qi9clu8nikfgg,c50fv8u7kn8vcc9cd6cg,False,True,36.0036,-78.93817,5,5,5,5,21,5,8143,45,53,53,53,53,85,81432039074,4.0,2022-12-16T11:30:59Z,0.66
c4257c0qi9clu8nikfgg,c50fv8u7kn8vcc9cd6cg,False,True,36.0036,-78.93817,6,6,5,6,25,6,8143,47,56,55,56,56,85,81432039074,3.9,2022-12-16T11:45:59Z,0.65
c4257c0qi9clu8nikfgg,c50fv8u7kn8vcc9cd6cg,False,True,36.0036,-78.93817,6,6,5,6,25,6,8143,47,56,56,56,56,84,81432039074,3.8,2022-12-16T12:00:59Z,0.65
c4257c0qi9clu8nikfgg,c50fv8u7kn8vcc9cd6cg,False,True,36.0036,-78.93817,6,6,5,6,25,6,8143,49,58,57,58,58,84,81432039074,3.8,2022-12-16T12:15:59Z,0.64
c4257c0qi9clu8nikfgg,c50fv8u7kn8vcc9cd6cg,False,True,36.0036,-78.93817,6,6,5,6,25,6,8143,48,57,57,57,57,84,81432039074,3.5,2022-12-16T12:30:59Z,0.63
c4257c0qi9clu8nikfgg,c50fv8u7kn8vcc9cd6cg,False,True,36.0036,-78.93817,6,6,6,6,25,6,8143,51,60,60,60,60,85,81432039074,3.5,2022-12-16T12:45:59Z,0.63
c4257c0qi9clu8nikfgg,c50fv8u7kn8vcc9cd6cg,False,True,36.0036,-78.93817,6,6,6,6,25,6,8143,51,61,60,61,61,85,81432039074,3.5,2022-12-16T13:00:59Z,0.62
c4257c0qi9clu8nikfgg,c50fv8u7kn8vcc9cd6cg,False,True,36.0036,-78.93817,6,6,6,6,25,6,8143,51,60,60,60,60,85,81432039074,3.6,2022-12-16T13:15:59Z,0.64
c4257c0qi9clu8nikfgg,c50fv8u7kn8vcc9cd6cg,False,True,36.0036,-78.93817,6,6,5,6,25,6,8143,49,58,58,58,58,85,81432039074,3.8,2022-12-16T13:30:59Z,0.62
c4257c0qi9clu8nikfgg,c50fv8u7kn8vcc9cd6cg,False,True,36.0036,-78.93817,6,6,5,6,25,6,8143,47,56,55,56,56,85,81432039074,3.9,2022-12-16T13:45:59Z,0.64
c4257c0qi9clu8nikfgg,c50fv8u7kn8vcc9cd6cg,False,True,36.0036,-78.93817,5,5,5,5,21,5,8143,45,53,53,53,53,84,81432039074,4.2,2022-12-16T14:00:59Z,0.63
c4257c0qi9clu8nikfgg,c50fv8u7kn8vcc9cd6cg,False,True,36.0036,-78.93817,5,5,5,5,21,5,8143,41,49,48,49,49,84,81432039074,4.5,2022-12-16T14:15:59Z,0.63
c4257c0qi9clu8nikfgg,c50fv8u7kn8vcc9cd6cg,False,True,36.0036,-78.93817,4,4,4,4,17,4,8143,37,43,43,43,43,84,81432039074,5.0,2022-12-16T14:30:59Z,0.64
c4257c0qi9clu8nikfgg,c50fv8u7kn8vcc9cd6cg,False,True,36.0036,-78.93817,4,4,3,4,17,4,8143,30,36,35,36,36,83,81432039074,5.6,2022-12-16T14:45:59Z,0.62
c4257c0qi9clu8nikfgg,c50fv8u7kn8vcc9cd6cg,False,True,36.0036,-78.93817,3,3,3,3,13,3,8143,24,29,28,29,29,80,81432039074,6.4,2022-12-16T15:00:59Z,0.61
c4257c0qi9clu8nikfgg,c50fv8u7kn8vcc9cd6cg,False,True,36.0036,-78.93817,2,2,2,2,8,2,8143,20,23,23,23,23,74,81432039074,7.1,2022-12-16T15:15:59Z,0.57
c4257c0qi9clu8nikfgg,c50fv8u7kn8vcc9cd6cg,False,True,36.0036,-78.93817,2,2,2,2,8,2,8143,16,19,19,19,19,70,81432039074,7.9,2022-12-16T15:30:59Z,0.54
c4257c0qi9clu8nikfgg,c50fv8u7kn8vcc9cd6cg,False,True,36.0036,-78.93817,2,2,2,2,8,2,8143,14,17,17,17,17,68,81432039074,8.5,2022-12-16T15:45:59Z,0.54
c4257c0qi9clu8nikfgg,c50fv8u7kn8vcc9cd6cg,False,True,36.0036,-78.93817,2,2,1,2,8,2,8143,13,15,15,15,15,65,81432039074,9.1,2022-12-16T16:00:59Z,0.54
c4257c0qi9clu8nikfgg,c50fv8u7kn8vcc9cd6cg,False,True,36.0036,-78.93817,1,1,1,1,4,1,8143,11,13,13,13,13,61,81432039074,9.7,2022-12-16T16:15:59Z,0.55
c4257c0qi9clu8nikfgg,c50fv8u7kn8vcc9cd6cg,False,True,36.0036,-78.93817,1,1,1,1,4,1,8143,11,13,13,13,13,59,81432039074,10.1,2022-12-16T16:30:59Z,0.56
c4257c0qi9clu8nikfgg,c50fv8u7kn8vcc9cd6cg,False,True,36.0036,-78.93817,1,1,1,1,4,1,8143,12,14,14,14,14,57,81432039074,10.5,2022-12-16T16:45:59Z,0.57
c4257c0qi9clu8nikfgg,c50fv8u7kn8vcc9cd6cg,False,True,36.0036,-78.93817,1,1,1,1,4,1,8143,11,13,13,13,13,55,81432039074,11.0,2022-12-16T17:00:59Z,0.52
c4257c0qi9clu8nikfgg,c50fv8u7kn8vcc9cd6cg,False,True,36.0036,-78.93817,1,1,1,1,4,1,8143,12,14,14,14,14,54,81432039074,11.6,2022-12-16T17:15:59Z,0.51
c4257c0qi9clu8nikfgg,c50fv8u7kn8vcc9cd6cg,False,True,36.0036,-78.93817,1,1,1,1,4,1,8143,12,14,14,14,14,48,81432039074,13.7,2022-12-16T17:30:59Z,0.54
c4257c0qi9clu8nikfgg,c50fv8u7kn8vcc9cd6cg,False,True,36.0036,-78.93817,1,1,1,1,4,1,8143,11,13,13,13,13,37,81432039074,18.0,2022-12-16T17:45:59Z,0.52
c4257c0qi9clu8nikfgg,c50fv8u7kn8vcc9cd6cg,False,True,36.0036,-78.93817,1,1,1,1,4,1,8143,10,11,11,11,11,33,81432039074,19.4,2022-12-16T18:00:59Z,0.53
c4257c0qi9clu8nikfgg,c50fv8u7kn8vcc9cd6cg,False,True,36.0036,-78.93817,1,1,1,1,4,1,8143,11,13,12,13,13,32,81432039074,20.8,2022-12-16T18:15:59Z,0.52
c4257c0qi9clu8nikfgg,c50fv8u7kn8vcc9cd6cg,False,True,36.0036,-78.93817,1,1,1,1,4,1,8143,10,12,12,12,12,30,81432039074,21.2,2022-12-16T18:30:59Z,0.52
c4257c0qi9clu8nikfgg,c50fv8u7kn8vcc9cd6cg,False,True,36.0036,-78.93817,1,1,1,1,4,1,8143,11,13,13,13,13,30,81432039074,21.2,2022-12-16T18:45:59Z,0.52
c4257c0qi9clu8nikfgg,c50fv8u7kn8vcc9cd6cg,False,True,36.0036,-78.93817,1,1,1,1,4,1,8143,10,12,12,12,12,30,81432039074,21.2,2022-12-16T19:00:59Z,0.52
c4257c0qi9clu8nikfgg,c50fv8u7kn8vcc9cd6cg,False,True,36.0036,-78.93817,1,1,1,1,4,1,8143,9,11,11,11,11,29,81432039074,20.9,2022-12-16T19:15:59Z,0.53
c4257c0qi9clu8nikfgg,c50fv8u7kn8vcc9cd6cg,False,True,36.0036,-78.93817,1,1,1,1,4,1,8143,10,11,11,11,11,30,81432039074,20.8,2022-12-16T19:30:59Z,0.52
c4257c0qi9clu8nikfgg,c50fv8u7kn8vcc9cd6cg,False,True,36.0036,-78.93817,1,1,1,1,4,1,8143,9,11,11,11,11,30,81432039074,20.7,2022-12-16T19:45:59Z,0.52
c4257c0qi9clu8nikfgg,c50fv8u7kn8vcc9cd6cg,False,True,36.0036,-78.93817,1,1,1,1,4,1,8143,10,11,11,11,11,30,81432039074,21.0,2022-12-16T20:00:59Z,0.52
c4257c0qi9clu8nikfgg,c50fv8u7kn8vcc9cd6cg,False,True,36.0036,-78.93817,1,1,1,1,4,1,8143,10,12,12,12,12,31,81432039074,20.1,2022-12-16T20:15:59Z,0.55
c4257c0qi9clu8nikfgg,c50fv8u7kn8vcc9cd6cg,False,True,36.0036,-78.93817,1,1,1,1,4,1,8143,10,12,12,12,12,33,81432039074,18.8,2022-12-16T20:30:59Z,0.55
c4257c0qi9clu8nikfgg,c50fv8u7kn8vcc9cd6cg,False,True,36.0036,-78.93817,1,1,1,1,4,1,8143,10,12,12,12,12,33,81432039074,18.9,2022-12-16T20:45:59Z,0.5
c4257c0qi9clu8nikfgg,c50fv8u7kn8vcc9cd6cg,False,True,36.0036,-78.93817,1,1,1,1,4,1,8143,10,12,12,12,12,35,81432039074,18.0,2022-12-16T21:00:59Z,0.5
c4257c0qi9clu8nikfgg,c50fv8u7kn8vcc9cd6cg,False,True,36.0036,-78.93817,1,1,1,1,4,1,8143,11,13,13,13,13,36,81432039074,17.5,2022-12-16T21:15:59Z,0.5
c4257c0qi9clu8nikfgg,c50fv8u7kn8vcc9cd6cg,False,True,36.0036,-78.93817,1,1,1,1,4,1,8143,11,13,13,13,13,40,81432039074,15.7,2022-12-16T21:30:59Z,0.5
c4257c0qi9clu8nikfgg,c50fv8u7kn8vcc9cd6cg,False,True,36.0036,-78.93817,1,1,1,1,4,1,8143,11,13,13,13,13,46,81432039074,13.2,2022-12-16T21:45:59Z,0.5
c4257c0qi9clu8nikfgg,c50fv8u7kn8vcc9cd6cg,False,True,36.0036,-78.93817,1,1,1,1,4,1,8143,11,13,13,13,13,51,81432039074,11.4,2022-12-16T22:00:59Z,0.5
c4257c0qi9clu8nikfgg,c50fv8u7kn8vcc9cd6cg,False,True,36.0036,-78.93817,1,1,1,1,4,1,8143,11,13,13,13,13,55,81432039074,10.4,2022-12-16T22:15:59Z,0.5
c4257c0qi9clu8nikfgg,c50fv8u7kn8vcc9cd6cg,False,True,36.0036,-78.93817,1,1,1,1,4,1,8143,12,14,14,14,14,57,81432039074,9.9,2022-12-16T22:30:59Z,0.5
c4257c0qi9clu8nikfgg,c50fv8u7kn8vcc9cd6cg,False,True,36.0036,-78.93817,2,2,2,2,8,2,8143,13,16,16,16,16,59,81432039074,9.6,2022-12-16T22:45:59Z,0.52
c4257c0qi9clu8nikfgg,c50fv8u7kn8vcc9cd6cg,False,True,36.0036,-78.93817,2,2,2,2,8,2,8143,14,16,16,16,16,60,81432039074,9.2,2022-12-16T23:00:59Z,0.49
c4257c0qi9clu8nikfgg,c50fv8u7kn8vcc9cd6cg,False,True,36.0036,-78.93817,2,2,2,2,8,2,8143,15,18,18,18,18,62,81432039074,9.0,2022-12-16T23:15:59Z,0.52
c4257c0qi9clu8nikfgg,c50fv8u7kn8vcc9cd6cg,False,True,36.0036,-78.93817,2,2,2,2,8,2,8143,18,21,21,21,21,62,81432039074,8.9,2022-12-16T23:30:59Z,0.53
c4257c0qi9clu8nikfgg,c50fv8u7kn8vcc9cd6cg,False,True,36.0036,-78.93817,2,2,2,2,8,2,8143,20,24,23,24,24,64,81432039074,8.7,2022-12-16T23:45:59Z,0.51
c4257c0qi9clu8nikfgg,c50fv8u7kn8vcc9cd6cg,False,True,36.0036,-78.93817,3,3,3,3,13,3,8143,25,29,29,29,29,65,81432039074,8.4,2022-12-17T00:00:59Z,0.54
c4257c0qi9clu8nikfgg,c50fv8u7kn8vcc9cd6cg,False,True,36.0036,-78.93817,3,3,3,3,13,3,8143,27,32,32,32,32,67,81432039074,7.9,2022-12-17T00:15:59Z,0.53
c4257c0qi9clu8nikfgg,c50fv8u7kn8vcc9cd6cg,False,True,36.0036,-78.93817,3,3,3,3,13,3,8143,25,29,29,29,29,68,81432039074,7.7,2022-12-17T00:30:59Z,0.53
c4257c0qi9clu8nikfgg,c50fv8u7kn8vcc9cd6cg,False,True,36.0036,-78.93817,4,4,3,4,17,4,8143,30,36,36,36,36,69,81432039074,7.6,2022-12-17T00:45:59Z,0.53
c4257c0qi9clu8nikfgg,c50fv8u7kn8vcc9cd6cg,False,True,36.0036,-78.93817,5,5,5,5,21,5,8143,40,47,47,47,47,71,81432039074,7.0,2022-12-17T01:00:59Z,0.54
c4257c0qi9clu8nikfgg,c50fv8u7kn8vcc9cd6cg,False,True,36.0036,-78.93817,5,5,5,5,21,5,8143,40,48,47,48,48,73,81432039074,6.6,2022-12-17T01:15:59Z,0.53
c4257c0qi9clu8nikfgg,c50fv8u7kn8vcc9cd6cg,False,True,36.0036,-78.93817,4,4,4,4,17,4,8143,37,44,44,44,44,74,81432039074,6.4,2022-12-17T01:30:59Z,0.53
c4257c0qi9clu8nikfgg,c50fv8u7kn8vcc9cd6cg,False,True,36.0036,-78.93817,5,5,5,5,21,5,8143,45,53,53,53,53,76,81432039074,6.4,2022-12-17T01:45:59Z,0.55
c4257c0qi9clu8nikfgg,c50fv8u7kn8vcc9cd6cg,False,True,36.0036,-78.93817,5,5,5,5,21,5,8143,41,49,49,49,49,76,81432039074,6.7,2022-12-17T02:00:59Z,0.53
c4257c0qi9clu8nikfgg,c50fv8u7kn8vcc9cd6cg,False,True,36.0036,-78.93817,5,5,5,5,21,5,8143,44,52,52,52,52,76,81432039074,6.8,2022-12-17T02:15:59Z,0.54
c4257c0qi9clu8nikfgg,c50fv8u7kn8vcc9cd6cg,False,True,36.0036,-78.93817,5,5,5,5,21,5,8143,45,53,53,53,53,77,81432039074,6.7,2022-12-17T02:30:59Z,0.54
c4257c0qi9clu8nikfgg,c50fv8u7kn8vcc9cd6cg,False,True,36.0036,-78.93817,5,5,5,5,21,5,8143,46,54,54,54,54,78,81432039074,6.6,2022-12-17T02:45:59Z,0.54
c4257c0qi9clu8nikfgg,c50fv8u7kn8vcc9cd6cg,False,True,36.0036,-78.93817,5,5,5,5,21,5,8143,43,51,50,51,51,78,81432039074,6.6,2022-12-17T03:00:59Z,0.54
c4257c0qi9clu8nikfgg,c50fv8u7kn8vcc9cd6cg,False,True,36.0036,-78.93817,6,6,5,6,25,6,8143,47,56,56,56,56,78,81432039074,6.5,2022-12-17T03:15:59Z,0.54
c4257c0qi9clu8nikfgg,c50fv8u7kn8vcc9cd6cg,False,True,36.0036,-78.93817,5,5,5,5,21,5,8143,43,51,51,51,51,78,81432039074,6.3,2022-12-17T03:30:59Z,0.56
c4257c0qi9clu8nikfgg,c50fv8u7kn8vcc9cd6cg,False,True,36.0036,-78.93817,5,5,5,5,21,5,8143,41,48,48,48,48,78,81432039074,6.3,2022-12-17T03:45:59Z,0.54
c4257c0qi9clu8nikfgg,c50fv8u7kn8vcc9cd6cg,False,True,36.0036,-78.93817,5,5,5,5,21,5,8143,43,51,51,51,51,78,81432039074,6.0,2022-12-17T04:00:59Z,0.56
c4257c0qi9clu8nikfgg,c50fv8u7kn8vcc9cd6cg,False,True,36.0036,-78.93817,5,5,5,5,21,5,8143,45,53,53,53,53,80,81432039074,5.6,2022-12-17T04:15:59Z,0.55
c4257c0qi9clu8nikfgg,c50fv8u7kn8vcc9cd6cg,False,True,36.0036,-78.93817,5,5,5,5,21,5,8143,41,48,48,48,48,80,81432039074,5.5,2022-12-17T04:30:59Z,0.56
c4257c0qi9clu8nikfgg,c50fv8u7kn8vcc9cd6cg,False,True,36.0036,-78.93817,5,5,4,5,21,5,8143,38,45,45,45,45,79,81432039074,5.6,2022-12-17T04:45:59Z,0.55
c4257c0qi9clu8nikfgg,c50fv8u7kn8vcc9cd6cg,False,True,36.0036,-78.93817,4,4,4,4,17,4,8143,37,43,43,43,43,78,81432039074,5.2,2022-12-17T05:00:59Z,0.55
c4257c0qi9clu8nikfgg,c50fv8u7kn8vcc9cd6cg,False,True,36.0036,-78.93817,4,4,4,4,17,4,8143,36,43,43,43,43,79,81432039074,4.7,2022-12-17T05:15:59Z,0.54
c4257c0qi9clu8nikfgg,c50fv8u7kn8vcc9cd6cg,False,True,36.0036,-78.93817,4,4,4,4,17,4,8143,36,42,42,42,42,79,81432039074,4.7,2022-12-17T05:30:59Z,0.55
c4257c0qi9clu8nikfgg,c50fv8u7kn8vcc9cd6cg,False,True,36.0036,-78.93817,4,4,4,4,17,4,8143,36,43,43,43,43,79,81432039074,4.8,2022-12-17T05:45:59Z,0.55
c4257c0qi9clu8nikfgg,c50fv8u7kn8vcc9cd6cg,False,True,36.0036,-78.93817,4,4,4,4,17,4,8143,35,42,41,41,42,79,81432039074,4.7,2022-12-17T06:00:59Z,0.56
c4257c0qi9clu8nikfgg,c50fv8u7kn8vcc9cd6cg,False,True,36.0036,-78.93817,4,4,4,4,17,4,8143,32,38,37,38,38,79,81432039074,5.0,2022-12-17T06:15:59Z,0.52
c4257c0qi9clu8nikfgg,c50fv8u7kn8vcc9cd6cg,False,True,36.0036,-78.93817,4,4,4,4,17,4,8143,31,37,37,37,37,77,81432039074,5.0,2022-12-17T06:30:59Z,0.54
c4257c0qi9clu8nikfgg,c50fv8u7kn8vcc9cd6cg,False,True,36.0036,-78.93817,4,4,3,4,17,4,8143,31,37,37,37,37,77,81432039074,4.7,2022-12-17T06:45:59Z,0.55
c4257c0qi9clu8nikfgg,c50fv8u7kn8vcc9cd6cg,False,True,36.0036,-78.93817,4,4,3,4,17,4,8143,30,36,36,36,36,76,81432039074,4.7,2022-12-17T07:00:59Z,0.56
c4257c0qi9clu8nikfgg,c50fv8u7kn8vcc9cd6cg,False,True,36.0036,-78.93817,4,4,3,4,17,4,8143,30,35,35,35,35,76,81432039074,4.5,2022-12-17T07:15:59Z,0.55
c4257c0qi9clu8nikfgg,c50fv8u7kn8vcc9cd6cg,False,True,36.0036,-78.93817,4,4,3,4,17,4,8143,30,36,35,36,36,77,81432039074,4.1,2022-12-17T07:30:59Z,0.55
c4257c0qi9clu8nikfgg,c50fv8u7kn8vcc9cd6cg,False,True,36.0036,-78.93817,4,4,3,4,17,4,8143,31,36,36,36,36,77,81432039074,4.1,2022-12-17T07:45:59Z,0.55
c4257c0qi9clu8nikfgg,c50fv8u7kn8vcc9cd6cg,False,True,36.0036,-78.93817,4,4,3,4,17,4,8143,30,36,35,36,36,77,81432039074,3.9,2022-12-17T08:00:59Z,0.57
c4257c0qi9clu8nikfgg,c50fv8u7kn8vcc9cd6cg,False,True,36.0036,-78.93817,3,3,3,3,13,3,8143,30,35,35,35,35,77,81432039074,3.5,2022-12-17T08:15:59Z,0.56
c4257c0qi9clu8nikfgg,c50fv8u7kn8vcc9cd6cg,False,True,36.0036,-78.93817,3,3,3,3,13,3,8143,29,34,34,34,34,78,81432039074,3.4,2022-12-17T08:30:59Z,0.54
c4257c0qi9clu8nikfgg,c50fv8u7kn8vcc9cd6cg,False,True,36.0036,-78.93817,4,4,3,4,17,4,8143,30,36,36,36,36,77,81432039074,3.4,2022-12-17T08:45:59Z,0.55
c4257c0qi9clu8nikfgg,c50fv8u7kn8vcc9cd6cg,False,True,36.0036,-78.93817,4,4,3,4,17,4,8143,30,36,36,36,36,77,81432039074,3.3,2022-12-17T09:00:59Z,0.55
c4257c0qi9clu8nikfgg,c50fv8u7kn8vcc9cd6cg,False,True,36.0036,-78.93817,4,4,3,4,17,4,8143,31,36,36,36,36,77,81432039074,3.2,2022-12-17T09:15:59Z,0.56
c4257c0qi9clu8nikfgg,c50fv8u7kn8vcc9cd6cg,False,True,36.0036,-78.93817,4,4,3,4,17,4,8143,30,36,36,36,36,78,81432039074,3.1,2022-12-17T09:30:59Z,0.55
c4257c0qi9clu8nikfgg,c50fv8u7kn8vcc9cd6cg,False,True,36.0036,-78.93817,4,4,4,4,17,4,8143,32,38,38,38,38,77,81432039074,3.1,2022-12-17T09:45:59Z,0.55
c4257c0qi9clu8nikfgg,c50fv8u7kn8vcc9cd6cg,False,True,36.0036,-78.93817,4,4,4,4,17,4,8143,32,38,38,38,38,77,81432039074,3.0,2022-12-17T10:00:59Z,0.55
c4257c0qi9clu8nikfgg,c50fv8u7kn8vcc9cd6cg,False,True,36.0036,-78.93817,4,4,4,4,17,4,8143,33,39,39,39,39,78,81432039074,2.6,2022-12-17T10:15:59Z,0.55
c4257c0qi9clu8nikfgg,c50fv8u7kn8vcc9cd6cg,False,True,36.0036,-78.93817,4,4,4,4,17,4,8143,33,38,38,38,38,78,81432039074,2.5,2022-12-17T10:30:59Z,0.57
c4257c0qi9clu8nikfgg,c50fv8u7kn8vcc9cd6cg,False,True,36.0036,-78.93817,4,4,4,4,17,4,8143,34,40,40,40,40,78,81432039074,2.5,2022-12-17T10:45:59Z,0.54
c4257c0qi9clu8nikfgg,c50fv8u7kn8vcc9cd6cg,False,True,36.0036,-78.93817,4,4,4,4,17,4,8143,34,40,40,40,40,78,81432039074,2.3,2022-12-17T11:00:59Z,0.57
c4257c0qi9clu8nikfgg,c50fv8u7kn8vcc9cd6cg,False,True,36.0036,-78.93817,4,4,4,4,17,4,8143,34,40,40,40,40,79,81432039074,2.0,2022-12-17T11:15:59Z,0.56
c4257c0qi9clu8nikfgg,c50fv8u7kn8vcc9cd6cg,False,True,36.0036,-78.93817,4,4,4,4,17,4,8143,33,39,39,39,39,80,81432039074,1.7,2022-12-17T11:30:59Z,0.56
c4257c0qi9clu8nikfgg,c50fv8u7kn8vcc9cd6cg,False,True,36.0036,-78.93817,4,4,4,4,17,4,8143,33,39,39,39,39,80,81432039074,1.7,2022-12-17T11:45:59Z,0.55
c4257c0qi9clu8nikfgg,c50fv8u7kn8vcc9cd6cg,False,True,36.0036,-78.93817,4,4,4,4,17,4,8143,34,40,40,40,40,80,81432039074,1.7,2022-12-17T12:00:59Z,0.56
c4257c0qi9clu8nikfgg,c50fv8u7kn8vcc9cd6cg,False,True,36.0036,-78.93817,4,4,4,4,17,4,8143,34,40,40,40,40,79,81432039074,1.8,2022-12-17T12:15:59Z,0.56
c4257c0qi9clu8nikfgg,c50fv8u7kn8vcc9cd6cg,False,True,36.0036,-78.93817,4,4,4,4,17,4,8143,33,39,39,39,39,79,81432039074,1.7,2022-12-17T12:30:59Z,0.56
c4257c0qi9clu8nikfgg,c50fv8u7kn8vcc9cd6cg,False,True,36.0036,-78.93817,4,4,3,4,17,4,8143,32,38,38,38,38,80,81432039074,1.8,2022-12-17T12:45:59Z,0.56
c4257c0qi9clu8nikfgg,c50fv8u7kn8vcc9cd6cg,False,True,36.0036,-78.93817,4,4,3,4,17,4,8143,32,38,37,37,38,79,81432039074,2.2,2022-12-17T13:00:59Z,0.54
c4257c0qi9clu8nikfgg,c50fv8u7kn8vcc9cd6cg,False,True,36.0036,-78.93817,4,4,3,4,17,4,8143,32,38,37,38,38,79,81432039074,2.5,2022-12-17T13:15:59Z,0.56
c4257c0qi9clu8nikfgg,c50fv8u7kn8vcc9cd6cg,False,True,36.0036,-78.93817,4,4,4,4,17,4,8143,32,38,38,38,38,77,81432039074,3.6,2022-12-17T13:30:59Z,0.55
c4257c0qi9clu8nikfgg,c50fv8u7kn8vcc9cd6cg,False,True,36.0036,-78.93817,4,4,4,4,17,4,8143,32,37,37,37,37,73,81432039074,4.6,2022-12-17T13:45:59Z,0.54
c4257c0qi9clu8nikfgg,c50fv8u7kn8vcc9cd6cg,False,True,36.0036,-78.93817,4,4,3,4,17,4,8143,31,37,37,37,37,73,81432039074,4.6,2022-12-17T14:00:59Z,0.54
c4257c0qi9clu8nikfgg,c50fv8u7kn8vcc9cd6cg,False,True,36.0036,-78.93817,4,4,4,4,17,4,8143,34,40,40,40,40,71,81432039074,5.3,2022-12-17T14:15:59Z,0.56
c4257c0qi9clu8nikfgg,c50fv8u7kn8vcc9cd6cg,False,True,36.0036,-78.93817,5,5,5,5,21,5,8143,40,47,47,47,47,69,81432039074,5.8,2022-12-17T14:30:59Z,0.56
c4257c0qi9clu8nikfgg,c50fv8u7kn8vcc9cd6cg,False,True,36.0036,-78.93817,5,5,5,5,21,5,8143,42,49,49,49,49,67,81432039074,6.3,2022-12-17T14:45:59Z,0.53
c4257c0qi9clu8nikfgg,c50fv8u7kn8vcc9cd6cg,False,True,36.0036,-78.93817,5,5,4,5,21,5,8143,40,47,46,47,47,65,81432039074,6.7,2022-12-17T15:00:59Z,0.54
c4257c0qi9clu8nikfgg,c50fv8u7kn8vcc9cd6cg,False,True,36.0036,-78.93817,4,4,4,4,17,4,8143,36,42,42,42,42,63,81432039074,7.4,2022-12-17T15:15:59Z,0.55
c4257c0qi9clu8nikfgg,c50fv8u7kn8vcc9cd6cg,False,True,36.0036,-78.93817,4,4,4,4,17,4,8143,32,38,38,38,38,60,81432039074,8.5,2022-12-17T15:30:59Z,0.54
c4257c0qi9clu8nikfgg,c50fv8u7kn8vcc9cd6cg,False,True,36.0036,-78.93817,4,4,3,4,17,4,8143,29,35,34,35,35,58,81432039074,9.0,2022-12-17T15:45:59Z,0.54
c4257c0qi9clu8nikfgg,c50fv8u7kn8vcc9cd6cg,False,True,36.0036,-78.93817,4,4,4,4,17,4,8143,32,38,37,38,38,57,81432039074,9.4,2022-12-17T16:00:59Z,0.54
c4257c0qi9clu8nikfgg,c50fv8u7kn8vcc9cd6cg,False,True,36.0036,-78.93817,4,4,3,4,17,4,8143,29,35,35,35,35,56,81432039074,9.7,2022-12-17T16:15:59Z,0.55
c4257c0qi9clu8nikfgg,c50fv8u7kn8vcc9cd6cg,False,True,36.0036,-78.93817,4,4,3,4,17,4,8143,30,35,35,35,35,56,81432039074,9.6,2022-12-17T16:30:59Z,0.56
c4257c0qi9clu8nikfgg,c50fv8u7kn8vcc9cd6cg,False,True,36.0036,-78.93817,4,4,3,4,17,4,8143,29,34,34,34,34,53,81432039074,10.7,2022-12-17T16:45:59Z,0.56
c4257c0qi9clu8nikfgg,c50fv8u7kn8vcc9cd6cg,False,True,36.0036,-78.93817,3,3,3,3,13,3,8143,27,32,32,32,32,50,81432039074,11.7,2022-12-17T17:00:59Z,0.55
c4257c0qi9clu8nikfgg,c50fv8u7kn8vcc9cd6cg,False,True,36.0036,-78.93817,3,3,3,3,13,3,8143,24,29,29,29,29,48,81432039074,12.3,2022-12-17T17:15:59Z,0.54
c4257c0qi9clu8nikfgg,c50fv8u7kn8vcc9cd6cg,False,True,36.0036,-78.93817,3,3,3,3,13,3,8143,25,30,29,30,30,46,81432039074,12.8,2022-12-17T17:30:59Z,0.55
c4257c0qi9clu8nikfgg,c50fv8u7kn8vcc9cd6cg,False,True,36.0036,-78.93817,3,3,3,3,13,3,8143,23,27,27,27,27,45,81432039074,12.9,2022-12-17T17:45:59Z,0.55
c4257c0qi9clu8nikfgg,c50fv8u7kn8vcc9cd6cg,False,True,36.0036,-78.93817,3,3,3,3,13,3,8143,23,27,27,27,27,41,81432039074,14.4,2022-12-17T18:00:59Z,0.55
c4257c0qi9clu8nikfgg,c50fv8u7kn8vcc9cd6cg,False,True,36.0036,-78.93817,3,3,2,3,13,3,8143,20,23,23,23,23,38,81432039074,16.1,2022-12-17T18:15:59Z,0.53
c4257c0qi9clu8nikfgg,c50fv8u7kn8vcc9cd6cg,False,True,36.0036,-78.93817,2,2,2,2,8,2,8143,18,21,21,21,21,36,81432039074,16.4,2022-12-17T18:30:59Z,0.54
c4257c0qi9clu8nikfgg,c50fv8u7kn8vcc9cd6cg,False,True,36.0036,-78.93817,2,2,2,2,8,2,8143,19,22,22,22,22,35,81432039074,16.6,2022-12-17T18:45:59Z,0.52
c4257c0qi9clu8nikfgg,c50fv8u7kn8vcc9cd6cg,False,True,36.0036,-78.93817,2,2,2,2,8,2,8143,18,21,21,21,21,38,81432039074,14.5,2022-12-17T19:00:59Z,0.54
c4257c0qi9clu8nikfgg,c50fv8u7kn8vcc9cd6cg,False,True,36.0036,-78.93817,2,2,2,2,8,2,8143,18,21,21,21,21,42,81432039074,12.9,2022-12-17T19:15:59Z,0.55
c4257c0qi9clu8nikfgg,c50fv8u7kn8vcc9cd6cg,False,True,36.0036,-78.93817,2,2,2,2,8,2,8143,19,22,22,22,22,45,81432039074,11.9,2022-12-17T19:30:59Z,0.54
c4257c0qi9clu8nikfgg,c50fv8u7kn8vcc9cd6cg,False,True,36.0036,-78.93817,3,3,3,3,13,3,8143,21,25,25,25,25,47,81432039074,11.2,2022-12-17T19:45:59Z,0.53
c4257c0qi9clu8nikfgg,c50fv8u7kn8vcc9cd6cg,False,True,36.0036,-78.93817,3,3,3,3,13,3,8143,22,26,26,26,26,47,81432039074,11.9,2022-12-17T20:00:59Z,0.54
c4257c0qi9clu8nikfgg,c50fv8u7kn8vcc9cd6cg,False,True,36.0036,-78.93817,3,3,3,3,13,3,8143,21,25,25,25,25,40,81432039074,15.7,2022-12-17T20:15:59Z,0.54
c4257c0qi9clu8nikfgg,c50fv8u7kn8vcc9cd6cg,False,True,36.0036,-78.93817,3,3,2,3,13,3,8143,20,24,24,24,24,40,81432039074,14.9,2022-12-17T20:30:59Z,0.53
c4257c0qi9clu8nikfgg,c50fv8u7kn8vcc9cd6cg,False,True,36.0036,-78.93817,3,3,3,3,13,3,8143,21,25,25,25,25,42,81432039074,14.9,2022-12-17T20:45:59Z,0.5
c4257c0qi9clu8nikfgg,c50fv8u7kn8vcc9cd6cg,False,True,36.0036,-78.93817,3,3,3,3,13,3,8143,22,27,26,26,26,40,81432039074,16.1,2022-12-17T21:00:59Z,0.51
c4257c0qi9clu8nikfgg,c50fv8u7kn8vcc9cd6cg,False,True,36.0036,-78.93817,3,3,3,3,13,3,8143,25,29,29,29,29,41,81432039074,15.5,2022-12-17T21:15:59Z,0.51
c4257c0qi9clu8nikfgg,c50fv8u7kn8vcc9cd6cg,False,True,36.0036,-78.93817,3,3,3,3,13,3,8143,25,30,30,30,30,47,81432039074,12.7,2022-12-17T21:30:59Z,0.51
c4257c0qi9clu8nikfgg,c50fv8u7kn8vcc9cd6cg,False,True,36.0036,-78.93817,3,3,3,3,13,3,8143,25,30,30,30,30,53,81432039074,10.1,2022-12-17T21:45:59Z,0.52
c4257c0qi9clu8nikfgg,c50fv8u7kn8vcc9cd6cg,False,True,36.0036,-78.93817,3,3,3,3,13,3,8143,26,30,30,30,30,59,81432039074,8.5,2022-12-17T22:00:59Z,0.53
c4257c0qi9clu8nikfgg,c50fv8u7kn8vcc9cd6cg,False,True,36.0036,-78.93817,3,3,3,3,13,3,8143,26,31,31,31,31,63,81432039074,7.7,2022-12-17T22:15:59Z,0.53
c4257c0qi9clu8nikfgg,c50fv8u7kn8vcc9cd6cg,False,True,36.0036,-78.93817,4,4,4,4,17,4,8143,31,37,37,37,37,64,81432039074,7.1,2022-12-17T22:30:59Z,0.52
c4257c0qi9clu8nikfgg,c50fv8u7kn8vcc9cd6cg,False,True,36.0036,-78.93817,4,4,3,4,17,4,8143,30,35,35,35,35,65,81432039074,6.8,2022-12-17T22:45:59Z,0.54
c4257c0qi9clu8nikfgg,c50fv8u7kn8vcc9cd6cg,False,True,36.0036,-78.93817,4,4,4,4,17,4,8143,35,41,41,41,41,67,81432039074,6.1,2022-12-17T23:00:59Z,0.54
c4257c0qi9clu8nikfgg,c50fv8u7kn8vcc9cd6cg,False,True,36.0036,-78.93817,5,5,5,5,21,5,8143,43,51,51,51,51,69,81432039074,6.0,2022-12-17T23:15:59Z,0.55
c4257c0qi9clu8nikfgg,c50fv8u7kn8vcc9cd6cg,False,True,36.0036,-78.93817,4,4,4,4,17,4,8143,35,42,42,42,42,69,81432039074,5.7,2022-12-17T23:30:59Z,0.54
c4257c0qi9clu8nikfgg,c50fv8u7kn8vcc9cd6cg,False,True,36.0036,-78.93817,4,4,4,4,17,4,8143,36,43,43,43,43,72,81432039074,5.2,2022-12-17T23:45:59Z,0.54
c4257c0qi9clu8nikfgg,c50fv8u7kn8vcc9cd6cg,False,True,36.0036,-78.93817,4,4,4,4,17,4,8143,37,43,43,43,43,73,81432039074,4.9,2022-12-18T00:00:59Z,0.53
c4257c0qi9clu8nikfgg,c50fv8u7kn8vcc9cd6cg,False,True,36.0036,-78.93817,5,5,5,5,21,5,8143,42,50,49,50,50,74,81432039074,4.6,2022-12-18T00:15:59Z,0.53
c4257c0qi9clu8nikfgg,c50fv8u7kn8vcc9cd6cg,False,True,36.0036,-78.93817,5,5,5,5,21,5,8143,41,49,48,49,49,77,81432039074,4.5,2022-12-18T00:30:59Z,0.54
c4257c0qi9clu8nikfgg,c50fv8u7kn8vcc9cd6cg,False,True,36.0036,-78.93817,5,5,5,5,21,5,8143,44,52,52,52,52,76,81432039074,4.7,2022-12-18T00:45:59Z,0.55
c4257c0qi9clu8nikfgg,c50fv8u7kn8vcc9cd6cg,False,True,36.0036,-78.93817,5,5,5,5,21,5,8143,45,53,53,53,53,76,81432039074,4.7,2022-12-18T01:00:59Z,0.54
c4257c0qi9clu8nikfgg,c50fv8u7kn8vcc9cd6cg,False,True,36.0036,-78.93817,5,5,5,5,21,5,8143,43,51,51,51,51,77,81432039074,4.3,2022-12-18T01:15:59Z,0.55
c4257c0qi9clu8nikfgg,c50fv8u7kn8vcc9cd6cg,False,True,36.0036,-78.93817,5,5,5,5,21,5,8143,43,51,51,51,51,78,81432039074,4.0,2022-12-18T01:30:59Z,0.55
c4257c0qi9clu8nikfgg,c50fv8u7kn8vcc9cd6cg,False,True,36.0036,-78.93817,5,5,5,5,21,5,8143,45,54,53,54,54,79,81432039074,4.0,2022-12-18T01:45:59Z,0.53
c4257c0qi9clu8nikfgg,c50fv8u7kn8vcc9cd6cg,False,True,36.0036,-78.93817,5,5,5,5,21,5,8143,43,51,51,51,51,80,81432039074,4.3,2022-12-18T02:00:59Z,0.55
c4257c0qi9clu8nikfgg,c50fv8u7kn8vcc9cd6cg,False,True,36.0036,-78.93817,5,5,5,5,21,5,8143,44,52,51,52,52,79,81432039074,4.2,2022-12-18T02:15:59Z,0.57
c4257c0qi9clu8nikfgg,c50fv8u7kn8vcc9cd6cg,False,True,36.0036,-78.93817,6,6,5,6,25,6,8143,49,58,58,58,58,80,81432039074,4.1,2022-12-18T02:30:59Z,0.54
c4257c0qi9clu8nikfgg,c50fv8u7kn8vcc9cd6cg,False,True,36.0036,-78.93817,6,6,5,6,25,6,8143,50,59,58,59,59,80,81432039074,4.1,2022-12-18T02:45:59Z,0.55
c4257c0qi9clu8nikfgg,c50fv8u7kn8vcc9cd6cg,False,True,36.0036,-78.93817,6,6,6,6,25,6,8143,50,59,59,59,59,80,81432039074,4.0,2022-12-18T03:00:59Z,0.55
c4257c0qi9clu8nikfgg,c50fv8u7kn8vcc9cd6cg,False,True,36.0036,-78.93817,6,6,5,6,25,6,8143,48,57,57,57,57,80,81432039074,3.9,2022-12-18T03:15:59Z,0.56
c4257c0qi9clu8nikfgg,c50fv8u7kn8vcc9cd6cg,False,True,36.0036,-78.93817,5,5,5,5,21,5,8143,45,54,53,53,54,80,81432039074,3.9,2022-12-18T03:30:59Z,0.53
c4257c0qi9clu8nikfgg,c50fv8u7kn8vcc9cd6cg,False,True,36.0036,-78.93817,6,6,5,6,25,6,8143,49,58,57,58,58,80,81432039074,3.8,2022-12-18T03:45:59Z,0.54
c4257c0qi9clu8nikfgg,c50fv8u7kn8vcc9cd6cg,False,True,36.0036,-78.93817,6,6,5,6,25,6,8143,50,59,58,59,59,79,81432039074,3.7,2022-12-18T04:00:59Z,0.54
c4257c0qi9clu8nikfgg,c50fv8u7kn8vcc9cd6cg,False,True,36.0036,-78.93817,5,5,5,5,21,5,8143,47,55,55,55,55,80,81432039074,3.7,2022-12-18T04:15:59Z,0.55
c4257c0qi9clu8nikfgg,c50fv8u7kn8vcc9cd6cg,False,True,36.0036,-78.93817,5,5,5,5,21,5,8143,45,53,53,53,53,78,81432039074,3.8,2022-12-18T04:30:59Z,0.55
c4257c0qi9clu8nikfgg,c50fv8u7kn8vcc9cd6cg,False,True,36.0036,-78.93817,5,5,5,5,21,5,8143,45,54,53,54,54,78,81432039074,3.6,2022-12-18T04:45:59Z,0.54
c4257c0qi9clu8nikfgg,c50fv8u7kn8vcc9cd6cg,False,True,36.0036,-78.93817,5,5,4,5,21,5,8143,41,48,48,48,48,77,81432039074,3.7,2022-12-18T05:00:59Z,0.54
c4257c0qi9clu8nikfgg,c50fv8u7kn8vcc9cd6cg,False,True,36.0036,-78.93817,4,4,4,4,17,4,8143,37,44,44,44,44,75,81432039074,3.9,2022-12-18T05:15:59Z,0.53
c4257c0qi9clu8nikfgg,c50fv8u7kn8vcc9cd6cg,False,True,36.0036,-78.93817,4,4,4,4,17,4,8143,35,41,41,41,41,69,81432039074,4.2,2022-12-18T05:30:59Z,0.55
c4257c0qi9clu8nikfgg,c50fv8u7kn8vcc9cd6cg,False,True,36.0036,-78.93817,4,4,4,4,17,4,8143,35,41,41,41,41,63,81432039074,4.8,2022-12-18T05:45:59Z,0.54
c4257c0qi9clu8nikfgg,c50fv8u7kn8vcc9cd6cg,False,True,36.0036,-78.93817,4,4,4,4,17,4,8143,33,39,38,39,39,61,81432039074,4.9,2022-12-18T06:00:59Z,0.56
c4257c0qi9clu8nikfgg,c50fv8u7kn8vcc9cd6cg,False,True,36.0036,-78.93817,4,4,4,4,17,4,8143,32,37,37,37,37,59,81432039074,4.9,2022-12-18T06:15:59Z,0.55
c4257c0qi9clu8nikfgg,c50fv8u7kn8vcc9cd6cg,False,True,36.0036,-78.93817,3,3,3,3,13,3,8143,29,34,34,34,34,58,81432039074,4.8,2022-12-18T06:30:59Z,0.54
c4257c0qi9clu8nikfgg,c50fv8u7kn8vcc9cd6cg,False,True,36.0036,-78.93817,3,3,3,3,13,3,8143,30,35,35,35,35,57,81432039074,4.7,2022-12-18T06:45:59Z,0.53
c4257c0qi9clu8nikfgg,c50fv8u7kn8vcc9cd6cg,False,True,36.0036,-78.93817,3,3,3,3,13,3,8143,26,31,31,31,31,58,81432039074,4.5,2022-12-18T07:00:59Z,0.54
c4257c0qi9clu8nikfgg,c50fv8u7kn8vcc9cd6cg,False,True,36.0036,-78.93817,3,3,3,3,13,3,8143,25,30,30,30,30,59,81432039074,4.2,2022-12-18T07:15:59Z,0.55
c4257c0qi9clu8nikfgg,c50fv8u7kn8vcc9cd6cg,False,True,36.0036,-78.93817,3,3,3,3,13,3,8143,23,27,27,27,27,59,81432039074,3.9,2022-12-18T07:30:59Z,0.55
c4257c0qi9clu8nikfgg,c50fv8u7kn8vcc9cd6cg,False,True,36.0036,-78.93817,3,3,3,3,13,3,8143,24,28,28,28,28,59,81432039074,3.7,2022-12-18T07:45:59Z,0.54
c4257c0qi9clu8nikfgg,c50fv8u7kn8vcc9cd6cg,False,True,36.0036,-78.93817,3,3,3,3,13,3,8143,23,27,27,27,27,58,81432039074,3.8,2022-12-18T08:00:59Z,0.54
c4257c0qi9clu8nikfgg,c50fv8u7kn8vcc9cd6cg,False,True,36.0036,-78.93817,3,3,3,3,13,3,8143,23,27,27,27,27,58,81432039074,3.9,2022-12-18T08:15:59Z,0.53
c4257c0qi9clu8nikfgg,c50fv8u7kn8vcc9cd6cg,False,True,36.0036,-78.93817,3,3,2,3,13,3,8143,22,26,26,26,26,59,81432039074,3.7,2022-12-18T08:30:59Z,0.55
c4257c0qi9clu8nikfgg,c50fv8u7kn8vcc9cd6cg,False,True,36.0036,-78.93817,2,2,2,2,8,2,8143,21,24,24,24,24,59,81432039074,3.4,2022-12-18T08:45:59Z,0.57
c4257c0qi9clu8nikfgg,c50fv8u7kn8vcc9cd6cg,False,True,36.0036,-78.93817,2,2,2,2,8,2,8143,21,24,24,24,24,60,81432039074,3.2,2022-12-18T09:00:59Z,0.55
c4257c0qi9clu8nikfgg,c50fv8u7kn8vcc9cd6cg,False,True,36.0036,-78.93817,2,2,2,2,8,2,8143,21,24,24,24,24,61,81432039074,3.0,2022-12-18T09:15:59Z,0.55
c4257c0qi9clu8nikfgg,c50fv8u7kn8vcc9cd6cg,False,True,36.0036,-78.93817,2,2,2,2,8,2,8143,21,25,25,25,25,61,81432039074,2.9,2022-12-18T09:30:59Z,0.53
c4257c0qi9clu8nikfgg,c50fv8u7kn8vcc9cd6cg,False,True,36.0036,-78.93817,2,2,2,2,8,2,8143,21,25,25,25,25,60,81432039074,3.0,2022-12-18T09:45:59Z,0.54
c4257c0qi9clu8nikfgg,c50fv8u7kn8vcc9cd6cg,False,True,36.0036,-78.93817,2,2,2,2,8,2,8143,19,23,22,23,23,57,81432039074,3.2,2022-12-18T10:00:59Z,0.55
c4257c0qi9clu8nikfgg,c50fv8u7kn8vcc9cd6cg,False,True,36.0036,-78.93817,2,2,2,2,8,2,8143,18,22,22,22,22,58,81432039074,3.3,2022-12-18T10:15:59Z,0.54
c4257c0qi9clu8nikfgg,c50fv8u7kn8vcc9cd6cg,False,True,36.0036,-78.93817,2,2,2,2,8,2,8143,19,22,22,22,22,58,81432039074,3.1,2022-12-18T10:30:59Z,0.53
c4257c0qi9clu8nikfgg,c50fv8u7kn8vcc9cd6cg,False,True,36.0036,-78.93817,2,2,2,2,8,2,8143,18,21,21,21,21,58,81432039074,3.0,2022-12-18T10:45:59Z,0.57
c4257c0qi9clu8nikfgg,c50fv8u7kn8vcc9cd6cg,False,True,36.0036,-78.93817,2,2,2,2,8,2,8143,18,22,21,22,22,59,81432039074,2.8,2022-12-18T11:00:59Z,0.54
c4257c0qi9clu8nikfgg,c50fv8u7kn8vcc9cd6cg,False,True,36.0036,-78.93817,2,2,2,2,8,2,8143,19,22,22,22,22,60,81432039074,2.3,2022-12-18T11:15:59Z,0.55
c4257c0qi9clu8nikfgg,c50fv8u7kn8vcc9cd6cg,False,True,36.0036,-78.93817,2,2,2,2,8,2,8143,19,22,22,22,22,61,81432039074,1.9,2022-12-18T11:30:59Z,0.55
c4257c0qi9clu8nikfgg,c50fv8u7kn8vcc9cd6cg,False,True,36.0036,-78.93817,2,2,2,2,8,2,8143,18,21,21,21,21,60,81432039074,2.1,2022-12-18T11:45:59Z,0.53
c4257c0qi9clu8nikfgg,c50fv8u7kn8vcc9cd6cg,False,True,36.0036,-78.93817,2,2,2,2,8,2,8143,19,22,22,22,22,61,81432039074,2.1,2022-12-18T12:00:59Z,0.55
c4257c0qi9clu8nikfgg,c50fv8u7kn8vcc9cd6cg,False,True,36.0036,-78.93817,2,2,2,2,8,2,8143,20,24,23,24,24,62,81432039074,1.7,2022-12-18T12:15:59Z,0.56
c4257c0qi9clu8nikfgg,c50fv8u7kn8vcc9cd6cg,False,True,36.0036,-78.93817,3,3,2,3,13,3,8143,22,26,26,26,26,65,81432039074,1.1,2022-12-18T12:30:59Z,0.54
c4257c0qi9clu8nikfgg,c50fv8u7kn8vcc9cd6cg,False,True,36.0036,-78.93817,3,3,2,3,13,3,8143,22,26,26,26,26,66,81432039074,0.9,2022-12-18T12:45:59Z,0.53
c4257c0qi9clu8nikfgg,c50fv8u7kn8vcc9cd6cg,False,True,36.0036,-78.93817,3,3,3,3,13,3,8143,24,28,28,28,28,67,81432039074,0.8,2022-12-18T13:00:59Z,0.54
c4257c0qi9clu8nikfgg,c50fv8u7kn8vcc9cd6cg,False,True,36.0036,-78.93817,3,3,2,3,13,3,8143,23,27,27,27,27,67,81432039074,0.9,2022-12-18T13:15:59Z,0.52
c4257c0qi9clu8nikfgg,c50fv8u7kn8vcc9cd6cg,False,True,36.0036,-78.93817,3,3,3,3,13,3,8143,24,28,28,28,28,66,81432039074,1.6,2022-12-18T13:30:59Z,0.52
c4257c0qi9clu8nikfgg,c50fv8u7kn8vcc9cd6cg,False,True,36.0036,-78.93817,3,3,3,3,13,3,8143,28,33,32,33,33,66,81432039074,2.0,2022-12-18T13:45:59Z,0.55
c4257c0qi9clu8nikfgg,c50fv8u7kn8vcc9cd6cg,False,True,36.0036,-78.93817,3,3,2,3,13,3,8143,23,27,27,27,27,64,81432039074,2.3,2022-12-18T14:00:59Z,0.54
c4257c0qi9clu8nikfgg,c50fv8u7kn8vcc9cd6cg,False,True,36.0036,-78.93817,3,3,2,3,13,3,8143,22,26,26,26,26,61,81432039074,3.2,2022-12-18T14:15:59Z,0.54
c4257c0qi9clu8nikfgg,c50fv8u7kn8vcc9cd6cg,False,True,36.0036,-78.93817,2,2,2,2,8,2,8143,14,17,16,17,17,53,81432039074,4.8,2022-12-18T14:30:59Z,0.52
c4257c0qi9clu8nikfgg,c50fv8u7kn8vcc9cd6cg,False,True,36.0036,-78.93817,1,1,1,1,4,1,8143,10,12,12,12,12,45,81432039074,6.5,2022-12-18T14:45:59Z,0.52
c4257c0qi9clu8nikfgg,c50fv8u7kn8vcc9cd6cg,False,True,36.0036,-78.93817,1,1,1,1,4,1,8143,11,13,13,13,13,42,81432039074,7.3,2022-12-18T15:00:59Z,0.54
c4257c0qi9clu8nikfgg,c50fv8u7kn8vcc9cd6cg,False,True,36.0036,-78.93817,1,1,1,1,4,1,8143,10,12,12,12,12,41,81432039074,7.7,2022-12-18T15:15:59Z,0.54
c4257c0qi9clu8nikfgg,c50fv8u7kn8vcc9cd6cg,False,True,36.0036,-78.93817,1,1,1,1,4,1,8143,10,12,12,12,12,39,81432039074,8.0,2022-12-18T15:30:59Z,0.52
c4257c0qi9clu8nikfgg,c50fv8u7kn8vcc9cd6cg,False,True,36.0036,-78.93817,1,1,1,1,4,1,8143,10,12,12,12,12,38,81432039074,8.2,2022-12-18T15:45:59Z,0.5
c4257c0qi9clu8nikfgg,c50fv8u7kn8vcc9cd6cg,False,True,36.0036,-78.93817,1,1,1,1,4,1,8143,10,12,12,12,12,38,81432039074,8.4,2022-12-18T16:00:59Z,0.51
c4257c0qi9clu8nikfgg,c50fv8u7kn8vcc9cd6cg,False,True,36.0036,-78.93817,1,1,1,1,4,1,8143,10,11,11,11,11,37,81432039074,8.5,2022-12-18T16:15:59Z,0.53
c4257c0qi9clu8nikfgg,c50fv8u7kn8vcc9cd6cg,False,True,36.0036,-78.93817,1,1,1,1,4,1,8143,10,12,12,12,12,38,81432039074,8.6,2022-12-18T16:30:59Z,0.5
c4257c0qi9clu8nikfgg,c50fv8u7kn8vcc9cd6cg,False,True,36.0036,-78.93817,1,1,1,1,4,1,8143,10,12,11,12,12,37,81432039074,8.9,2022-12-18T16:45:59Z,0.52
c4257c0qi9clu8nikfgg,c50fv8u7kn8vcc9cd6cg,False,True,36.0036,-78.93817,1,1,1,1,4,1,8143,10,12,12,12,12,37,81432039074,9.2,2022-12-18T17:00:59Z,0.5
c4257c0qi9clu8nikfgg,c50fv8u7kn8vcc9cd6cg,False,True,36.0036,-78.93817,1,1,1,1,4,1,8143,11,13,13,13,13,37,81432039074,9.4,2022-12-18T17:15:59Z,0.52
c4257c0qi9clu8nikfgg,c50fv8u7kn8vcc9cd6cg,False,True,36.0036,-78.93817,1,1,1,1,4,1,8143,10,12,12,12,12,34,81432039074,11.0,2022-12-18T17:30:59Z,0.52
c4257c0qi9clu8nikfgg,c50fv8u7kn8vcc9cd6cg,False,True,36.0036,-78.93817,1,1,1,1,4,1,8143,10,11,11,11,11,28,81432039074,14.7,2022-12-18T17:45:59Z,0.49
c4257c0qi9clu8nikfgg,c50fv8u7kn8vcc9cd6cg,False,True,36.0036,-78.93817,1,1,1,1,4,1,8143,10,12,11,12,12,26,81432039074,15.9,2022-12-18T18:00:59Z,0.5
c4257c0qi9clu8nikfgg,c50fv8u7kn8vcc9cd6cg,False,True,36.0036,-78.93817,1,1,1,1,4,1,8143,9,11,10,11,11,24,81432039074,16.2,2022-12-18T18:15:59Z,0.51
c4257c0qi9clu8nikfgg,c50fv8u7kn8vcc9cd6cg,False,True,36.0036,-78.93817,1,1,1,1,4,1,8143,9,11,10,11,11,24,81432039074,16.5,2022-12-18T18:30:59Z,0.49
c4257c0qi9clu8nikfgg,c50fv8u7kn8vcc9cd6cg,False,True,36.0036,-78.93817,1,1,1,1,4,1,8143,9,11,11,11,11,24,81432039074,16.5,2022-12-18T18:45:59Z,0.51
c4257c0qi9clu8nikfgg,c50fv8u7kn8vcc9cd6cg,False,True,36.0036,-78.93817,1,1,1,1,4,1,8143,9,11,11,11,11,24,81432039074,16.5,2022-12-18T19:00:59Z,0.5
c4257c0qi9clu8nikfgg,c50fv8u7kn8vcc9cd6cg,False,True,36.0036,-78.93817,1,1,1,1,4,1,8143,9,11,11,11,11,24,81432039074,16.4,2022-12-18T19:15:59Z,0.49
c4257c0qi9clu8nikfgg,c50fv8u7kn8vcc9cd6cg,False,True,36.0036,-78.93817,1,1,1,1,4,1,8143,9,11,11,11,11,24,81432039074,16.5,2022-12-18T19:30:59Z,0.5
c4257c0qi9clu8nikfgg,c50fv8u7kn8vcc9cd6cg,False,True,36.0036,-78.93817,1,1,1,1,4,1,8143,9,11,10,11,11,24,81432039074,16.4,2022-12-18T19:45:59Z,0.49
c4257c0qi9clu8nikfgg,c50fv8u7kn8vcc9cd6cg,False,True,36.0036,-78.93817,1,1,1,1,4,1,8143,9,10,10,10,10,24,81432039074,16.7,2022-12-18T20:00:59Z,0.47
c4257c0qi9clu8nikfgg,c50fv8u7kn8vcc9cd6cg,False,True,36.0036,-78.93817,1,1,1,1,4,1,8143,8,10,10,10,10,23,81432039074,16.9,2022-12-18T20:15:59Z,0.47
c4257c0qi9clu8nikfgg,c50fv8u7kn8vcc9cd6cg,False,True,36.0036,-78.93817,1,1,1,1,4,1,8143,9,10,10,10,10,26,81432039074,14.8,2022-12-18T20:30:59Z,0.47
c4257c0qi9clu8nikfgg,c50fv8u7kn8vcc9cd6cg,False,True,36.0036,-78.93817,1,1,1,1,4,1,8143,9,10,10,10,10,26,81432039074,14.8,2022-12-18T20:45:59Z,0.48
c4257c0qi9clu8nikfgg,c50fv8u7kn8vcc9cd6cg,False,True,36.0036,-78.93817,1,1,1,1,4,1,8143,8,10,10,10,10,27,81432039074,13.7,2022-12-18T21:00:59Z,0.47
c4257c0qi9clu8nikfgg,c50fv8u7kn8vcc9cd6cg,False,True,36.0036,-78.93817,1,1,1,1,4,1,8143,9,10,10,10,10,27,81432039074,13.4,2022-12-18T21:15:59Z,0.48
c4257c0qi9clu8nikfgg,c50fv8u7kn8vcc9cd6cg,False,True,36.0036,-78.93817,1,1,1,1,4,1,8143,11,12,12,12,12,30,81432039074,12.1,2022-12-18T21:30:59Z,0.46
c4257c0qi9clu8nikfgg,c50fv8u7kn8vcc9cd6cg,False,True,36.0036,-78.93817,2,2,2,2,8,2,8143,13,16,16,16,16,36,81432039074,9.6,2022-12-18T21:45:59Z,0.47
c4257c0qi9clu8nikfgg,c50fv8u7kn8vcc9cd6cg,False,True,36.0036,-78.93817,2,2,2,2,8,2,8143,15,18,18,18,18,39,81432039074,7.9,2022-12-18T22:00:59Z,0.49
c4257c0qi9clu8nikfgg,c50fv8u7kn8vcc9cd6cg,False,True,36.0036,-78.93817,2,2,2,2,8,2,8143,16,19,18,19,19,41,81432039074,7.1,2022-12-18T22:15:59Z,0.48
c4257c0qi9clu8nikfgg,c50fv8u7kn8vcc9cd6cg,False,True,36.0036,-78.93817,2,2,2,2,8,2,8143,16,18,18,18,18,42,81432039074,6.6,2022-12-18T22:30:59Z,0.47
c4257c0qi9clu8nikfgg,c50fv8u7kn8vcc9cd6cg,False,True,36.0036,-78.93817,2,2,2,2,8,2,8143,15,17,17,17,17,42,81432039074,6.2,2022-12-18T22:45:59Z,0.48
c4257c0qi9clu8nikfgg,c50fv8u7kn8vcc9cd6cg,False,True,36.0036,-78.93817,2,2,2,2,8,2,8143,14,17,17,17,17,42,81432039074,5.8,2022-12-18T23:00:59Z,0.49
c4257c0qi9clu8nikfgg,c50fv8u7kn8vcc9cd6cg,False,True,36.0036,-78.93817,2,2,2,2,8,2,8143,15,18,18,18,18,42,81432039074,5.4,2022-12-18T23:15:59Z,0.5
c4257c0qi9clu8nikfgg,c50fv8u7kn8vcc9cd6cg,False,True,36.0036,-78.93817,2,2,2,2,8,2,8143,15,18,17,18,18,42,81432039074,5.1,2022-12-18T23:30:59Z,0.5
c4257c0qi9clu8nikfgg,c50fv8u7kn8vcc9cd6cg,False,True,36.0036,-78.93817,2,2,2,2,8,2,8143,14,17,17,17,17,42,81432039074,4.7,2022-12-18T23:45:59Z,0.5
c4257c0qi9clu8nikfgg,c50fv8u7kn8vcc9cd6cg,False,True,36.0036,-78.93817,2,2,2,2,8,2,8143,15,18,18,18,18,43,81432039074,4.4,2022-12-19T00:00:59Z,0.51
c4257c0qi9clu8nikfgg,c50fv8u7kn8vcc9cd6cg,False,True,36.0036,-78.93817,2,2,2,2,8,2,8143,15,18,17,17,18,44,81432039074,4.1,2022-12-19T00:15:59Z,0.52
c4257c0qi9clu8nikfgg,c50fv8u7kn8vcc9cd6cg,False,True,36.0036,-78.93817,2,2,2,2,8,2,8143,15,17,17,17,17,44,81432039074,3.8,2022-12-19T00:30:59Z,0.52
c4257c0qi9clu8nikfgg,c50fv8u7kn8vcc9cd6cg,False,True,36.0036,-78.93817,2,2,2,2,8,2,8143,15,18,18,18,18,45,81432039074,3.6,2022-12-19T00:45:59Z,0.52
c4257c0qi9clu8nikfgg,c50fv8u7kn8vcc9cd6cg,False,True,36.0036,-78.93817,2,2,2,2,8,2,8143,17,20,20,20,20,45,81432039074,3.4,2022-12-19T01:00:59Z,0.53
c4257c0qi9clu8nikfgg,c50fv8u7kn8vcc9cd6cg,False,True,36.0036,-78.93817,2,2,2,2,8,2,8143,17,20,20,20,20,46,81432039074,3.2,2022-12-19T01:15:59Z,0.53
c4257c0qi9clu8nikfgg,c50fv8u7kn8vcc9cd6cg,False,True,36.0036,-78.93817,2,2,2,2,8,2,8143,17,20,20,20,20,47,81432039074,2.8,2022-12-19T01:30:59Z,0.52
c4257c0qi9clu8nikfgg,c50fv8u7kn8vcc9cd6cg,False,True,36.0036,-78.93817,2,2,2,2,8,2,8143,19,22,22,22,22,49,81432039074,2.4,2022-12-19T01:45:59Z,0.54
c4257c0qi9clu8nikfgg,c50fv8u7kn8vcc9cd6cg,False,True,36.0036,-78.93817,2,2,2,2,8,2,8143,19,22,22,22,22,49,81432039074,2.4,2022-12-19T02:00:59Z,0.52
c4257c0qi9clu8nikfgg,c50fv8u7kn8vcc9cd6cg,False,True,36.0036,-78.93817,2,2,2,2,8,2,8143,19,23,23,23,23,49,81432039074,2.3,2022-12-19T02:15:59Z,0.51
c4257c0qi9clu8nikfgg,c50fv8u7kn8vcc9cd6cg,False,True,36.0036,-78.93817,2,2,2,2,8,2,8143,20,24,24,24,24,49,81432039074,2.2,2022-12-19T02:30:59Z,0.53
c4257c0qi9clu8nikfgg,c50fv8u7kn8vcc9cd6cg,False,True,36.0036,-78.93817,2,2,2,2,8,2,8143,20,24,24,24,24,50,81432039074,2.0,2022-12-19T02:45:59Z,0.52
c4257c0qi9clu8nikfgg,c50fv8u7kn8vcc9cd6cg,False,True,36.0036,-78.93817,2,2,2,2,8,2,8143,21,24,24,24,24,51,81432039074,1.7,2022-12-19T03:00:59Z,0.54
c4257c0qi9clu8nikfgg,c50fv8u7kn8vcc9cd6cg,False,True,36.0036,-78.93817,2,2,2,2,8,2,8143,22,25,25,25,25,51,81432039074,1.6,2022-12-19T03:15:59Z,0.54
c4257c0qi9clu8nikfgg,c50fv8u7kn8vcc9cd6cg,False,True,36.0036,-78.93817,2,2,2,2,8,2,8143,21,25,25,25,25,52,81432039074,1.5,2022-12-19T03:30:59Z,0.54
c4257c0qi9clu8nikfgg,c50fv8u7kn8vcc9cd6cg,False,True,36.0036,-78.93817,2,2,2,2,8,2,8143,22,26,26,26,26,53,81432039074,1.2,2022-12-19T03:45:59Z,0.54
c4257c0qi9clu8nikfgg,c50fv8u7kn8vcc9cd6cg,False,True,36.0036,-78.93817,2,2,2,2,8,2,8143,21,25,25,25,25,54,81432039074,0.8,2022-12-19T04:00:59Z,0.54
c4257c0qi9clu8nikfgg,c50fv8u7kn8vcc9cd6cg,False,True,36.0036,-78.93817,3,3,2,3,13,3,8143,23,27,27,27,27,55,81432039074,0.6,2022-12-19T04:15:59Z,0.55
c4257c0qi9clu8nikfgg,c50fv8u7kn8vcc9cd6cg,False,True,36.0036,-78.93817,3,3,2,3,13,3,8143,22,26,26,26,26,56,81432039074,0.4,2022-12-19T04:30:59Z,0.53
c4257c0qi9clu8nikfgg,c50fv8u7kn8vcc9cd6cg,False,True,36.0036,-78.93817,3,3,3,3,13,3,8143,24,28,28,28,28,55,81432039074,0.6,2022-12-19T04:45:59Z,0.52
c4257c0qi9clu8nikfgg,c50fv8u7kn8vcc9cd6cg,False,True,36.0036,-78.93817,3,3,2,3,13,3,8143,22,26,26,26,26,55,81432039074,0.5,2022-12-19T05:00:59Z,0.55
c4257c0qi9clu8nikfgg,c50fv8u7kn8vcc9cd6cg,False,True,36.0036,-78.93817,3,3,2,3,13,3,8143,22,27,26,27,27,55,81432039074,0.5,2022-12-19T05:15:59Z,0.56
c4257c0qi9clu8nikfgg,c50fv8u7kn8vcc9cd6cg,False,True,36.0036,-78.93817,2,2,2,2,8,2,8143,21,25,24,25,25,53,81432039074,0.7,2022-12-19T05:30:59Z,0.53
c4257c0qi9clu8nikfgg,c50fv8u7kn8vcc9cd6cg,False,True,36.0036,-78.93817,2,2,2,2,8,2,8143,21,25,25,25,25,52,81432039074,0.9,2022-12-19T05:45:59Z,0.53
c4257c0qi9clu8nikfgg,c50fv8u7kn8vcc9cd6cg,False,True,36.0036,-78.93817,2,2,2,2,8,2,8143,20,24,24,24,24,52,81432039074,0.9,2022-12-19T06:00:59Z,0.55
c4257c0qi9clu8nikfgg,c50fv8u7kn8vcc9cd6cg,False,True,36.0036,-78.93817,2,2,2,2,8,2,8143,21,25,25,25,25,52,81432039074,0.9,2022-12-19T06:15:59Z,0.54
c4257c0qi9clu8nikfgg,c50fv8u7kn8vcc9cd6cg,False,True,36.0036,-78.93817,2,2,2,2,8,2,8143,21,25,25,25,25,52,81432039074,1.0,2022-12-19T06:30:59Z,0.53
c4257c0qi9clu8nikfgg,c50fv8u7kn8vcc9cd6cg,False,True,36.0036,-78.93817,2,2,2,2,8,2,8143,21,25,25,25,25,52,81432039074,0.9,2022-12-19T06:45:59Z,0.54
c4257c0qi9clu8nikfgg,c50fv8u7kn8vcc9cd6cg,False,True,36.0036,-78.93817,3,3,2,3,13,3,8143,22,26,26,26,26,53,81432039074,0.8,2022-12-19T07:00:59Z,0.55
c4257c0qi9clu8nikfgg,c50fv8u7kn8vcc9cd6cg,False,True,36.0036,-78.93817,3,3,2,3,13,3,8143,22,26,26,26,26,53,81432039074,0.8,2022-12-19T07:15:59Z,0.53
c4257c0qi9clu8nikfgg,c50fv8u7kn8vcc9cd6cg,False,True,36.0036,-78.93817,3,3,2,3,13,3,8143,23,27,27,27,27,53,81432039074,0.7,2022-12-19T07:30:59Z,0.55
c4257c0qi9clu8nikfgg,c50fv8u7kn8vcc9cd6cg,False,True,36.0036,-78.93817,3,3,3,3,13,3,8143,24,28,28,28,28,52,81432039074,0.7,2022-12-19T07:45:59Z,0.53
c4257c0qi9clu8nikfgg,c50fv8u7kn8vcc9cd6cg,False,True,36.0036,-78.93817,3,3,3,3,13,3,8143,24,29,29,29,29,53,81432039074,0.7,2022-12-19T08:00:59Z,0.55
c4257c0qi9clu8nikfgg,c50fv8u7kn8vcc9cd6cg,False,True,36.0036,-78.93817,3,3,3,3,13,3,8143,24,28,28,28,28,53,81432039074,0.6,2022-12-19T08:15:59Z,0.55
c4257c0qi9clu8nikfgg,c50fv8u7kn8vcc9cd6cg,False,True,36.0036,-78.93817,3,3,3,3,13,3,8143,24,28,28,28,28,53,81432039074,0.6,2022-12-19T08:30:59Z,0.54
c4257c0qi9clu8nikfgg,c50fv8u7kn8vcc9cd6cg,False,True,36.0036,-78.93817,3,3,3,3,13,3,8143,24,28,28,28,28,52,81432039074,0.6,2022-12-19T08:45:59Z,0.55
c4257c0qi9clu8nikfgg,c50fv8u7kn8vcc9cd6cg,False,True,36.0036,-78.93817,3,3,2,3,13,3,8143,23,28,27,28,28,52,81432039074,0.7,2022-12-19T09:00:59Z,0.55
c4257c0qi9clu8nikfgg,c50fv8u7kn8vcc9cd6cg,False,True,36.0036,-78.93817,3,3,2,3,13,3,8143,23,27,27,27,27,52,81432039074,0.8,2022-12-19T09:15:59Z,0.56
c4257c0qi9clu8nikfgg,c50fv8u7kn8vcc9cd6cg,False,True,36.0036,-78.93817,3,3,2,3,13,3,8143,23,27,27,27,27,51,81432039074,0.8,2022-12-19T09:30:59Z,0.55
c4257c0qi9clu8nikfgg,c50fv8u7kn8vcc9cd6cg,False,True,36.0036,-78.93817,3,3,3,3,13,3,8143,24,29,28,29,29,51,81432039074,0.8,2022-12-19T09:45:59Z,0.54
c4257c0qi9clu8nikfgg,c50fv8u7kn8vcc9cd6cg,False,True,36.0036,-78.93817,3,3,3,3,13,3,8143,24,28,28,28,28,52,81432039074,0.7,2022-12-19T10:00:59Z,0.56
c4257c0qi9clu8nikfgg,c50fv8u7kn8vcc9cd6cg,False,True,36.0036,-78.93817,3,3,3,3,13,3,8143,24,29,29,29,29,52,81432039074,0.7,2022-12-19T10:15:59Z,0.57
c4257c0qi9clu8nikfgg,c50fv8u7kn8vcc9cd6cg,False,True,36.0036,-78.93817,3,3,3,3,13,3,8143,25,29,29,29,29,53,81432039074,0.3,2022-12-19T10:30:59Z,0.57
c4257c0qi9clu8nikfgg,c50fv8u7kn8vcc9cd6cg,False,True,36.0036,-78.93817,3,3,3,3,13,3,8143,26,31,30,31,31,54,81432039074,0.2,2022-12-19T10:45:59Z,0.55
c4257c0qi9clu8nikfgg,c50fv8u7kn8vcc9cd6cg,False,True,36.0036,-78.93817,3,3,3,3,13,3,8143,26,31,30,31,31,54,81432039074,0.2,2022-12-19T11:00:59Z,0.57
c4257c0qi9clu8nikfgg,c50fv8u7kn8vcc9cd6cg,False,True,36.0036,-78.93817,3,3,3,3,13,3,8143,27,32,32,32,32,53,81432039074,0.5,2022-12-19T11:15:59Z,0.57
c4257c0qi9clu8nikfgg,c50fv8u7kn8vcc9cd6cg,False,True,36.0036,-78.93817,3,3,3,3,13,3,8143,26,31,31,31,31,54,81432039074,0.4,2022-12-19T11:30:59Z,0.55
c4257c0qi9clu8nikfgg,c50fv8u7kn8vcc9cd6cg,False,True,36.0036,-78.93817,3,3,3,3,13,3,8143,26,31,31,31,31,54,81432039074,0.1,2022-12-19T11:45:59Z,0.56
c4257c0qi9clu8nikfgg,c50fv8u7kn8vcc9cd6cg,False,True,36.0036,-78.93817,3,3,3,3,13,3,8143,26,31,31,31,31,54,81432039074,0.1,2022-12-19T12:00:59Z,0.56
c4257c0qi9clu8nikfgg,c50fv8u7kn8vcc9cd6cg,False,True,36.0036,-78.93817,3,3,3,3,13,3,8143,27,32,31,32,32,54,81432039074,0.4,2022-12-19T12:15:59Z,0.57
c4257c0qi9clu8nikfgg,c50fv8u7kn8vcc9cd6cg,False,True,36.0036,-78.93817,3,3,3,3,13,3,8143,27,31,31,31,31,53,81432039074,0.8,2022-12-19T12:30:59Z,0.57
c4257c0qi9clu8nikfgg,c50fv8u7kn8vcc9cd6cg,False,True,36.0036,-78.93817,3,3,3,3,13,3,8143,26,31,31,31,31,55,81432039074,0.3,2022-12-19T12:45:59Z,0.55
c4257c0qi9clu8nikfgg,c50fv8u7kn8vcc9cd6cg,False,True,36.0036,-78.93817,3,3,3,3,13,3,8143,27,32,32,32,32,56,81432039074,0.1,2022-12-19T13:00:59Z,0.57
c4257c0qi9clu8nikfgg,c50fv8u7kn8vcc9cd6cg,False,True,36.0036,-78.93817,3,3,3,3,13,3,8143,27,32,32,32,32,56,81432039074,0.2,2022-12-19T13:15:59Z,0.56
c4257c0qi9clu8nikfgg,c50fv8u7kn8vcc9cd6cg,False,True,36.0036,-78.93817,3,3,3,3,13,3,8143,26,31,31,31,31,55,81432039074,0.5,2022-12-19T13:30:59Z,0.57
c4257c0qi9clu8nikfgg,c50fv8u7kn8vcc9cd6cg,False,True,36.0036,-78.93817,3,3,3,3,13,3,8143,27,31,31,31,31,54,81432039074,0.8,2022-12-19T13:45:59Z,0.57
c4257c0qi9clu8nikfgg,c50fv8u7kn8vcc9cd6cg,False,True,36.0036,-78.93817,3,3,3,3,13,3,8143,29,34,34,34,34,52,81432039074,1.4,2022-12-19T14:00:59Z,0.58
c4257c0qi9clu8nikfgg,c50fv8u7kn8vcc9cd6cg,False,True,36.0036,-78.93817,3,3,3,3,13,3,8143,30,36,35,36,36,52,81432039074,1.5,2022-12-19T14:15:59Z,0.57
c4257c0qi9clu8nikfgg,c50fv8u7kn8vcc9cd6cg,False,True,36.0036,-78.93817,4,4,3,4,17,4,8143,31,36,36,36,36,50,81432039074,2.2,2022-12-19T14:30:59Z,0.56
c4257c0qi9clu8nikfgg,c50fv8u7kn8vcc9cd6cg,False,True,36.0036,-78.93817,4,4,3,4,17,4,8143,32,37,37,37,37,47,81432039074,3.3,2022-12-19T14:45:59Z,0.57
c4257c0qi9clu8nikfgg,c50fv8u7kn8vcc9cd6cg,False,True,36.0036,-78.93817,4,4,3,4,17,4,8143,30,35,35,35,35,45,81432039074,4.1,2022-12-19T15:00:59Z,0.56
c4257c0qi9clu8nikfgg,c50fv8u7kn8vcc9cd6cg,False,True,36.0036,-78.93817,3,3,3,3,13,3,8143,29,34,34,34,34,44,81432039074,4.9,2022-12-19T15:15:59Z,0.54
c4257c0qi9clu8nikfgg,c50fv8u7kn8vcc9cd6cg,False,True,36.0036,-78.93817,3,3,3,3,13,3,8143,28,33,33,33,33,40,81432039074,7.0,2022-12-19T15:30:59Z,0.55
c4257c0qi9clu8nikfgg,c50fv8u7kn8vcc9cd6cg,False,True,36.0036,-78.93817,3,3,3,3,13,3,8143,26,31,31,31,31,37,81432039074,8.4,2022-12-19T15:45:59Z,0.53
c4257c0qi9clu8nikfgg,c50fv8u7kn8vcc9cd6cg,False,True,36.0036,-78.93817,3,3,3,3,13,3,8143,25,30,29,30,30,36,81432039074,8.3,2022-12-19T16:00:59Z,0.53
c4257c0qi9clu8nikfgg,c50fv8u7kn8vcc9cd6cg,False,True,36.0036,-78.93817,3,3,3,3,13,3,8143,24,29,29,29,29,36,81432039074,8.1,2022-12-19T16:15:59Z,0.54
c4257c0qi9clu8nikfgg,c50fv8u7kn8vcc9cd6cg,False,True,36.0036,-78.93817,3,3,3,3,13,3,8143,23,28,27,28,28,36,81432039074,7.9,2022-12-19T16:30:59Z,0.53
c4257c0qi9clu8nikfgg,c50fv8u7kn8vcc9cd6cg,False,True,36.0036,-78.93817,3,3,3,3,13,3,8143,22,26,26,26,26,35,81432039074,8.3,2022-12-19T16:45:59Z,0.54
c4257c0qi9clu8nikfgg,c50fv8u7kn8vcc9cd6cg,False,True,36.0036,-78.93817,3,3,2,3,13,3,8143,21,25,25,25,25,35,81432039074,8.2,2022-12-19T17:00:59Z,0.54
c4257c0qi9clu8nikfgg,c50fv8u7kn8vcc9cd6cg,False,True,36.0036,-78.93817,2,2,2,2,8,2,8143,20,23,23,23,23,34,81432039074,9.0,2022-12-19T17:15:59Z,0.52
c4257c0qi9clu8nikfgg,c50fv8u7kn8vcc9cd6cg,False,True,36.0036,-78.93817,2,2,2,2,8,2,8143,19,22,22,22,22,32,81432039074,10.2,2022-12-19T17:30:59Z,0.52
c4257c0qi9clu8nikfgg,c50fv8u7kn8vcc9cd6cg,False,True,36.0036,-78.93817,2,2,2,2,8,2,8143,19,22,22,22,22,27,81432039074,13.3,2022-12-19T17:45:59Z,0.53
c4257c0qi9clu8nikfgg,c50fv8u7kn8vcc9cd6cg,False,True,36.0036,-78.93817,2,2,2,2,8,2,8143,19,22,22,22,22,24,81432039074,14.8,2022-12-19T18:00:59Z,0.52
c4257c0qi9clu8nikfgg,c50fv8u7kn8vcc9cd6cg,False,True,36.0036,-78.93817,3,3,2,3,13,3,8143,20,24,24,24,24,27,81432039074,12.6,2022-12-19T18:15:59Z,0.53
c4257c0qi9clu8nikfgg,c50fv8u7kn8vcc9cd6cg,False,True,36.0036,-78.93817,3,3,3,3,13,3,8143,22,26,25,26,26,29,81432039074,11.3,2022-12-19T18:30:59Z,0.54
c4257c0qi9clu8nikfgg,c50fv8u7kn8vcc9cd6cg,False,True,36.0036,-78.93817,3,3,2,3,13,3,8143,20,24,24,24,24,28,81432039074,12.7,2022-12-19T18:45:59Z,0.54
c4257c0qi9clu8nikfgg,c50fv8u7kn8vcc9cd6cg,False,True,36.0036,-78.93817,3,3,3,3,13,3,8143,21,25,25,25,25,25,81432039074,14.9,2022-12-19T19:00:59Z,0.55
c4257c0qi9clu8nikfgg,c50fv8u7kn8vcc9cd6cg,False,True,36.0036,-78.93817,3,3,3,3,13,3,8143,22,26,25,26,26,24,81432039074,14.8,2022-12-19T19:15:59Z,0.56
c4257c0qi9clu8nikfgg,c50fv8u7kn8vcc9cd6cg,False,True,36.0036,-78.93817,3,3,3,3,13,3,8143,22,26,26,26,26,24,81432039074,15.3,2022-12-19T19:30:59Z,0.54
c4257c0qi9clu8nikfgg,c50fv8u7kn8vcc9cd6cg,False,True,36.0036,-78.93817,3,3,3,3,13,3,8143,21,25,25,25,25,21,81432039074,17.4,2022-12-19T19:45:59Z,0.54
c4257c0qi9clu8nikfgg,c50fv8u7kn8vcc9cd6cg,False,True,36.0036,-78.93817,3,3,2,3,13,3,8143,20,23,23,23,23,21,81432039074,17.5,2022-12-19T20:00:59Z,0.55
c4257c0qi9clu8nikfgg,c50fv8u7kn8vcc9cd6cg,False,True,36.0036,-78.93817,2,2,2,2,8,2,8143,19,22,22,22,22,22,81432039074,16.8,2022-12-19T20:15:59Z,0.54
c4257c0qi9clu8nikfgg,c50fv8u7kn8vcc9cd6cg,False,True,36.0036,-78.93817,2,2,2,2,8,2,8143,18,22,22,22,22,23,81432039074,15.7,2022-12-19T20:30:59Z,0.53
c4257c0qi9clu8nikfgg,c50fv8u7kn8vcc9cd6cg,False,True,36.0036,-78.93817,2,2,2,2,8,2,8143,18,21,21,21,21,22,81432039074,16.8,2022-12-19T20:45:59Z,0.53
c4257c0qi9clu8nikfgg,c50fv8u7kn8vcc9cd6cg,False,True,36.0036,-78.93817,2,2,2,2,8,2,8143,17,20,20,20,20,21,81432039074,16.7,2022-12-19T21:00:59Z,0.53
c4257c0qi9clu8nikfgg,c50fv8u7kn8vcc9cd6cg,False,True,36.0036,-78.93817,2,2,2,2,8,2,8143,17,20,20,20,20,22,81432039074,15.5,2022-12-19T21:15:59Z,0.53
c4257c0qi9clu8nikfgg,c50fv8u7kn8vcc9cd6cg,False,True,36.0036,-78.93817,2,2,2,2,8,2,8143,17,20,19,20,20,26,81432039074,12.3,2022-12-19T21:30:59Z,0.52
c4257c0qi9clu8nikfgg,c50fv8u7kn8vcc9cd6cg,False,True,36.0036,-78.93817,2,2,2,2,8,2,8143,16,19,19,19,19,30,81432039074,9.8,2022-12-19T21:45:59Z,0.53
c4257c0qi9clu8nikfgg,c50fv8u7kn8vcc9cd6cg,False,True,36.0036,-78.93817,2,2,2,2,8,2,8143,16,19,19,19,19,32,81432039074,8.8,2022-12-19T22:00:59Z,0.53
c4257c0qi9clu8nikfgg,c50fv8u7kn8vcc9cd6cg,False,True,36.0036,-78.93817,2,2,2,2,8,2,8143,16,19,18,19,19,33,81432039074,8.4,2022-12-19T22:15:59Z,0.52
c4257c0qi9clu8nikfgg,c50fv8u7kn8vcc9cd6cg,False,True,36.0036,-78.93817,2,2,2,2,8,2,8143,16,19,19,19,19,34,81432039074,8.3,2022-12-19T22:30:59Z,0.53
c4257c0qi9clu8nikfgg,c50fv8u7kn8vcc9cd6cg,False,True,36.0036,-78.93817,2,2,2,2,8,2,8143,19,22,22,22,22,34,81432039074,8.0,2022-12-19T22:45:59Z,0.54
c4257c0qi9clu8nikfgg,c50fv8u7kn8vcc9cd6cg,False,True,36.0036,-78.93817,2,2,2,2,8,2,8143,20,23,23,23,23,36,81432039074,7.5,2022-12-19T23:00:59Z,0.53
c4257c0qi9clu8nikfgg,c50fv8u7kn8vcc9cd6cg,False,True,36.0036,-78.93817,3,3,3,3,13,3,8143,23,28,27,28,28,38,81432039074,6.8,2022-12-19T23:15:59Z,0.55
c4257c0qi9clu8nikfgg,c50fv8u7kn8vcc9cd6cg,False,True,36.0036,-78.93817,3,3,3,3,13,3,8143,23,28,27,28,28,38,81432039074,6.7,2022-12-19T23:30:59Z,0.54
c4257c0qi9clu8nikfgg,c50fv8u7kn8vcc9cd6cg,False,True,36.0036,-78.93817,3,3,3,3,13,3,8143,23,28,28,28,28,38,81432039074,6.8,2022-12-19T23:45:59Z,0.55
c4257c0qi9clu8nikfgg,c50fv8u7kn8vcc9cd6cg,False,True,36.0036,-78.93817,3,3,3,3,13,3,8143,26,30,30,30,30,39,81432039074,6.3,2022-12-20T00:00:59Z,0.55
c4257c0qi9clu8nikfgg,c50fv8u7kn8vcc9cd6cg,False,True,36.0036,-78.93817,3,3,3,3,13,3,8143,25,30,30,30,30,39,81432039074,6.0,2022-12-20T00:15:59Z,0.55
c4257c0qi9clu8nikfgg,c50fv8u7kn8vcc9cd6cg,False,True,36.0036,-78.93817,3,3,3,3,13,3,8143,24,28,28,28,28,40,81432039074,6.1,2022-12-20T00:30:59Z,0.55
c4257c0qi9clu8nikfgg,c50fv8u7kn8vcc9cd6cg,False,True,36.0036,-78.93817,3,3,3,3,13,3,8143,28,34,33,34,34,42,81432039074,5.9,2022-12-20T00:45:59Z,0.55
c4257c0qi9clu8nikfgg,c50fv8u7kn8vcc9cd6cg,False,True,36.0036,-78.93817,4,4,3,4,17,4,8143,30,36,36,36,36,43,81432039074,5.3,2022-12-20T01:00:59Z,0.55
c4257c0qi9clu8nikfgg,c50fv8u7kn8vcc9cd6cg,False,True,36.0036,-78.93817,4,4,4,4,17,4,8143,33,39,39,39,39,48,81432039074,4.8,2022-12-20T01:15:59Z,0.56
c4257c0qi9clu8nikfgg,c50fv8u7kn8vcc9cd6cg,False,True,36.0036,-78.93817,4,4,4,4,17,4,8143,32,38,38,38,38,48,81432039074,4.6,2022-12-20T01:30:59Z,0.57
c4257c0qi9clu8nikfgg,c50fv8u7kn8vcc9cd6cg,False,True,36.0036,-78.93817,4,4,4,4,17,4,8143,33,39,39,39,39,48,81432039074,4.4,2022-12-20T01:45:59Z,0.56
c4257c0qi9clu8nikfgg,c50fv8u7kn8vcc9cd6cg,False,True,36.0036,-78.93817,4,4,4,4,17,4,8143,34,40,40,40,40,49,81432039074,4.1,2022-12-20T02:00:59Z,0.55
c4257c0qi9clu8nikfgg,c50fv8u7kn8vcc9cd6cg,False,True,36.0036,-78.93817,4,4,4,4,17,4,8143,36,42,42,42,42,53,81432039074,4.0,2022-12-20T02:15:59Z,0.57
c4257c0qi9clu8nikfgg,c50fv8u7kn8vcc9cd6cg,False,True,36.0036,-78.93817,4,4,4,4,17,4,8143,36,42,42,42,42,54,81432039074,4.0,2022-12-20T02:30:59Z,0.59
c4257c0qi9clu8nikfgg,c50fv8u7kn8vcc9cd6cg,False,True,36.0036,-78.93817,4,4,4,4,17,4,8143,36,42,42,42,42,55,81432039074,4.0,2022-12-20T02:45:59Z,0.58
c4257c0qi9clu8nikfgg,c50fv8u7kn8vcc9cd6cg,False,True,36.0036,-78.93817,5,5,4,5,21,5,8143,39,46,46,46,46,56,81432039074,3.7,2022-12-20T03:00:59Z,0.56
c4257c0qi9clu8nikfgg,c50fv8u7kn8vcc9cd6cg,False,True,36.0036,-78.93817,5,5,4,5,21,5,8143,39,46,46,46,46,56,81432039074,3.5,2022-12-20T03:15:59Z,0.56
c4257c0qi9clu8nikfgg,c50fv8u7kn8vcc9cd6cg,False,True,36.0036,-78.93817,5,5,4,5,21,5,8143,40,47,47,47,47,57,81432039074,3.6,2022-12-20T03:30:59Z,0.57
c4257c0qi9clu8nikfgg,c50fv8u7kn8vcc9cd6cg,False,True,36.0036,-78.93817,5,5,5,5,21,5,8143,46,54,54,54,54,56,81432039074,4.0,2022-12-20T03:45:59Z,0.57
c4257c0qi9clu8nikfgg,c50fv8u7kn8vcc9cd6cg,False,True,36.0036,-78.93817,5,5,5,5,21,5,8143,45,54,53,54,54,55,81432039074,4.4,2022-12-20T04:00:59Z,0.55
c4257c0qi9clu8nikfgg,c50fv8u7kn8vcc9cd6cg,False,True,36.0036,-78.93817,5,5,5,5,21,5,8143,44,53,52,52,53,55,81432039074,4.6,2022-12-20T04:15:59Z,0.56
c4257c0qi9clu8nikfgg,c50fv8u7kn8vcc9cd6cg,False,True,36.0036,-78.93817,5,5,5,5,21,5,8143,45,53,53,53,53,55,81432039074,4.7,2022-12-20T04:30:59Z,0.57
c4257c0qi9clu8nikfgg,c50fv8u7kn8vcc9cd6cg,False,True,36.0036,-78.93817,6,6,5,6,25,6,8143,48,56,56,56,56,56,81432039074,4.6,2022-12-20T04:45:59Z,0.56
c4257c0qi9clu8nikfgg,c50fv8u7kn8vcc9cd6cg,False,True,36.0036,-78.93817,6,6,6,6,25,6,8143,52,61,61,61,61,56,81432039074,4.5,2022-12-20T05:00:59Z,0.55
c4257c0qi9clu8nikfgg,c50fv8u7kn8vcc9cd6cg,False,True,36.0036,-78.93817,6,6,5,6,25,6,8143,48,57,57,57,57,56,81432039074,4.5,2022-12-20T05:15:59Z,0.55
c4257c0qi9clu8nikfgg,c50fv8u7kn8vcc9cd6cg,False,True,36.0036,-78.93817,5,5,5,5,21,5,8143,44,52,51,52,52,53,81432039074,4.5,2022-12-20T05:30:59Z,0.55
c4257c0qi9clu8nikfgg,c50fv8u7kn8vcc9cd6cg,False,True,36.0036,-78.93817,5,5,5,5,21,5,8143,40,48,48,48,48,52,81432039074,4.8,2022-12-20T05:45:59Z,0.55
c4257c0qi9clu8nikfgg,c50fv8u7kn8vcc9cd6cg,False,True,36.0036,-78.93817,5,5,4,5,21,5,8143,39,46,46,46,46,51,81432039074,4.8,2022-12-20T06:00:59Z,0.54
c4257c0qi9clu8nikfgg,c50fv8u7kn8vcc9cd6cg,False,True,36.0036,-78.93817,4,4,4,4,17,4,8143,38,45,44,45,45,52,81432039074,4.3,2022-12-20T06:15:59Z,0.55
c4257c0qi9clu8nikfgg,c50fv8u7kn8vcc9cd6cg,False,True,36.0036,-78.93817,4,4,4,4,17,4,8143,37,44,44,44,44,53,81432039074,3.9,2022-12-20T06:30:59Z,0.57
c4257c0qi9clu8nikfgg,c50fv8u7kn8vcc9cd6cg,False,True,36.0036,-78.93817,4,4,4,4,17,4,8143,36,43,43,43,43,56,81432039074,2.9,2022-12-20T06:45:59Z,0.55
c4257c0qi9clu8nikfgg,c50fv8u7kn8vcc9cd6cg,False,True,36.0036,-78.93817,4,4,4,4,17,4,8143,37,44,44,44,44,59,81432039074,2.1,2022-12-20T07:00:59Z,0.56
c4257c0qi9clu8nikfgg,c50fv8u7kn8vcc9cd6cg,False,True,36.0036,-78.93817,4,4,4,4,17,4,8143,37,44,44,44,44,60,81432039074,2.0,2022-12-20T07:15:59Z,0.56
c4257c0qi9clu8nikfgg,c50fv8u7kn8vcc9cd6cg,False,True,36.0036,-78.93817,5,5,5,5,21,5,8143,45,53,53,53,53,63,81432039074,1.7,2022-12-20T07:30:59Z,0.55
c4257c0qi9clu8nikfgg,c50fv8u7kn8vcc9cd6cg,False,True,36.0036,-78.93817,5,5,5,5,21,5,8143,44,52,51,52,52,64,81432039074,1.7,2022-12-20T07:45:59Z,0.56
c4257c0qi9clu8nikfgg,c50fv8u7kn8vcc9cd6cg,False,True,36.0036,-78.93817,4,4,4,4,17,4,8143,38,45,45,45,45,59,81432039074,2.2,2022-12-20T08:00:59Z,0.56
c4257c0qi9clu8nikfgg,c50fv8u7kn8vcc9cd6cg,False,True,36.0036,-78.93817,3,3,3,3,13,3,8143,26,31,31,31,31,53,81432039074,3.1,2022-12-20T08:15:59Z,0.55
c4257c0qi9clu8nikfgg,c50fv8u7kn8vcc9cd6cg,False,True,36.0036,-78.93817,3,3,3,3,13,3,8143,27,32,31,32,32,50,81432039074,3.8,2022-12-20T08:30:59Z,0.56
c4257c0qi9clu8nikfgg,c50fv8u7kn8vcc9cd6cg,False,True,36.0036,-78.93817,3,3,3,3,13,3,8143,25,30,30,30,30,50,81432039074,3.5,2022-12-20T08:45:59Z,0.54
c4257c0qi9clu8nikfgg,c50fv8u7kn8vcc9cd6cg,False,True,36.0036,-78.93817,3,3,3,3,13,3,8143,24,29,29,29,29,50,81432039074,3.1,2022-12-20T09:00:59Z,0.57
c4257c0qi9clu8nikfgg,c50fv8u7kn8vcc9cd6cg,False,True,36.0036,-78.93817,3,3,3,3,13,3,8143,25,29,29,29,29,51,81432039074,2.8,2022-12-20T09:15:59Z,0.54
c4257c0qi9clu8nikfgg,c50fv8u7kn8vcc9cd6cg,False,True,36.0036,-78.93817,3,3,3,3,13,3,8143,26,30,30,30,30,52,81432039074,2.4,2022-12-20T09:30:59Z,0.55
c4257c0qi9clu8nikfgg,c50fv8u7kn8vcc9cd6cg,False,True,36.0036,-78.93817,3,3,3,3,13,3,8143,29,34,34,34,34,53,81432039074,2.3,2022-12-20T09:45:59Z,0.55
c4257c0qi9clu8nikfgg,c50fv8u7kn8vcc9cd6cg,False,True,36.0036,-78.93817,4,4,3,4,17,4,8143,31,37,37,37,37,54,81432039074,2.2,2022-12-20T10:00:59Z,0.56
c4257c0qi9clu8nikfgg,c50fv8u7kn8vcc9cd6cg,False,True,36.0036,-78.93817,4,4,4,4,17,4,8143,34,41,40,41,41,54,81432039074,2.0,2022-12-20T10:15:59Z,0.57
c4257c0qi9clu8nikfgg,c50fv8u7kn8vcc9cd6cg,False,True,36.0036,-78.93817,4,4,4,4,17,4,8143,37,44,43,44,44,56,81432039074,1.7,2022-12-20T10:30:59Z,0.58
c4257c0qi9clu8nikfgg,c50fv8u7kn8vcc9cd6cg,False,True,36.0036,-78.93817,5,5,4,5,21,5,8143,40,48,48,48,48,58,81432039074,1.6,2022-12-20T10:45:59Z,0.58
c4257c0qi9clu8nikfgg,c50fv8u7kn8vcc9cd6cg,False,True,36.0036,-78.93817,5,5,5,5,21,5,8143,44,52,52,52,52,59,81432039074,1.4,2022-12-20T11:00:59Z,0.59
c4257c0qi9clu8nikfgg,c50fv8u7kn8vcc9cd6cg,False,True,36.0036,-78.93817,5,5,5,5,21,5,8143,46,54,54,54,54,61,81432039074,1.0,2022-12-20T11:15:59Z,0.59
c4257c0qi9clu8nikfgg,c50fv8u7kn8vcc9cd6cg,False,True,36.0036,-78.93817,5,5,5,5,21,5,8143,48,57,56,57,57,63,81432039074,0.9,2022-12-20T11:30:59Z,0.6
c4257c0qi9clu8nikfgg,c50fv8u7kn8vcc9cd6cg,False,True,36.0036,-78.93817,6,6,5,6,25,6,8143,50,59,59,59,59,64,81432039074,0.4,2022-12-20T11:45:59Z,0.6
c4257c0qi9clu8nikfgg,c50fv8u7kn8vcc9cd6cg,False,True,36.0036,-78.93817,6,6,6,6,25,6,8143,52,62,61,62,62,66,81432039074,0.3,2022-12-20T12:00:59Z,0.59
c4257c0qi9clu8nikfgg,c50fv8u7kn8vcc9cd6cg,False,True,36.0036,-78.93817,6,6,6,6,25,6,8143,52,62,61,62,62,66,81432039074,0.5,2022-12-20T12:15:59Z,0.59
c4257c0qi9clu8nikfgg,c50fv8u7kn8vcc9cd6cg,False,True,36.0036,-78.93817,6,6,6,6,25,6,8143,53,62,62,62,62,63,81432039074,1.0,2022-12-20T12:30:59Z,0.59
c4257c0qi9clu8nikfgg,c50fv8u7kn8vcc9cd6cg,False,True,36.0036,-78.93817,6,6,6,6,25,6,8143,53,63,63,63,63,62,81432039074,1.3,2022-12-20T12:45:59Z,0.58
c4257c0qi9clu8nikfgg,c50fv8u7kn8vcc9cd6cg,False,True,36.0036,-78.93817,6,6,6,6,25,6,8143,54,64,64,64,64,61,81432039074,1.3,2022-12-20T13:00:59Z,0.58
c4257c0qi9clu8nikfgg,c50fv8u7kn8vcc9cd6cg,False,True,36.0036,-78.93817,6,6,6,6,25,6,8143,53,63,63,63,63,60,81432039074,1.5,2022-12-20T13:15:59Z,0.56
c4257c0qi9clu8nikfgg,c50fv8u7kn8vcc9cd6cg,False,True,36.0036,-78.93817,6,6,6,6,25,6,8143,53,62,62,62,62,58,81432039074,2.1,2022-12-20T13:30:59Z,0.58
c4257c0qi9clu8nikfgg,c50fv8u7kn8vcc9cd6cg,False,True,36.0036,-78.93817,6,6,6,6,25,6,8143,55,65,64,65,65,56,81432039074,2.6,2022-12-20T13:45:59Z,0.56
c4257c0qi9clu8nikfgg,c50fv8u7kn8vcc9cd6cg,False,True,36.0036,-78.93817,6,6,6,6,25,6,8143,52,62,62,62,62,53,81432039074,3.3,2022-12-20T14:00:59Z,0.57
c4257c0qi9clu8nikfgg,c50fv8u7kn8vcc9cd6cg,False,True,36.0036,-78.93817,6,6,6,6,25,6,8143,51,60,60,60,60,53,81432039074,3.1,2022-12-20T14:15:59Z,0.57
c4257c0qi9clu8nikfgg,c50fv8u7kn8vcc9cd6cg,False,True,36.0036,-78.93817,6,6,5,6,25,6,8143,50,59,59,59,59,51,81432039074,3.5,2022-12-20T14:30:59Z,0.56
c4257c0qi9clu8nikfgg,c50fv8u7kn8vcc9cd6cg,False,True,36.0036,-78.93817,6,6,6,6,25,6,8143,51,60,60,60,60,50,81432039074,4.1,2022-12-20T14:45:59Z,0.56
c4257c0qi9clu8nikfgg,c50fv8u7kn8vcc9cd6cg,False,True,36.0036,-78.93817,6,6,6,6,25,6,8143,51,60,60,60,60,49,81432039074,4.6,2022-12-20T15:00:59Z,0.56
c4257c0qi9clu8nikfgg,c50fv8u7kn8vcc9cd6cg,False,True,36.0036,-78.93817,6,6,6,6,25,6,8143,52,62,61,62,62,47,81432039074,4.7,2022-12-20T15:15:59Z,0.57
c4257c0qi9clu8nikfgg,c50fv8u7kn8vcc9cd6cg,False,True,36.0036,-78.93817,6,6,6,6,25,6,8143,52,62,61,62,62,47,81432039074,4.8,2022-12-20T15:30:59Z,0.57
c4257c0qi9clu8nikfgg,c50fv8u7kn8vcc9cd6cg,False,True,36.0036,-78.93817,6,6,6,6,25,6,8143,54,63,63,63,63,45,81432039074,5.5,2022-12-20T15:45:59Z,0.57
c4257c0qi9clu8nikfgg,c50fv8u7kn8vcc9cd6cg,False,True,36.0036,-78.93817,6,6,6,6,25,6,8143,52,61,61,61,61,44,81432039074,6.2,2022-12-20T16:00:59Z,0.57
c4257c0qi9clu8nikfgg,c50fv8u7kn8vcc9cd6cg,False,True,36.0036,-78.93817,6,6,6,6,25,6,8143,50,59,58,58,59,42,81432039074,6.7,2022-12-20T16:15:59Z,0.58
c4257c0qi9clu8nikfgg,c50fv8u7kn8vcc9cd6cg,False,True,36.0036,-78.93817,6,6,5,6,25,6,8143,48,56,56,56,56,41,81432039074,7.3,2022-12-20T16:30:59Z,0.57
c4257c0qi9clu8nikfgg,c50fv8u7kn8vcc9cd6cg,False,True,36.0036,-78.93817,6,6,5,6,25,6,8143,46,55,55,55,55,40,81432039074,7.6,2022-12-20T16:45:59Z,0.56
c4257c0qi9clu8nikfgg,c50fv8u7kn8vcc9cd6cg,False,True,36.0036,-78.93817,6,6,5,6,25,6,8143,45,53,53,53,53,38,81432039074,8.5,2022-12-20T17:00:59Z,0.55
c4257c0qi9clu8nikfgg,c50fv8u7kn8vcc9cd6cg,False,True,36.0036,-78.93817,6,6,5,6,25,6,8143,47,55,55,55,55,37,81432039074,9.4,2022-12-20T17:15:59Z,0.57
c4257c0qi9clu8nikfgg,c50fv8u7kn8vcc9cd6cg,False,True,36.0036,-78.93817,6,6,5,6,25,6,8143,46,54,54,54,54,36,81432039074,9.9,2022-12-20T17:30:59Z,0.55
c4257c0qi9clu8nikfgg,c50fv8u7kn8vcc9cd6cg,False,True,36.0036,-78.93817,6,6,6,6,25,6,8143,48,56,56,56,56,35,81432039074,10.1,2022-12-20T17:45:59Z,0.56
c4257c0qi9clu8nikfgg,c50fv8u7kn8vcc9cd6cg,False,True,36.0036,-78.93817,6,6,5,6,25,6,8143,47,55,55,55,55,36,81432039074,9.5,2022-12-20T18:00:59Z,0.57
c4257c0qi9clu8nikfgg,c50fv8u7kn8vcc9cd6cg,False,True,36.0036,-78.93817,6,6,5,6,25,6,8143,45,54,53,54,54,36,81432039074,9.3,2022-12-20T18:15:59Z,0.58
c4257c0qi9clu8nikfgg,c50fv8u7kn8vcc9cd6cg,False,True,36.0036,-78.93817,6,6,5,6,25,6,8143,46,55,54,54,55,37,81432039074,8.9,2022-12-20T18:30:59Z,0.57
c4257c0qi9clu8nikfgg,c50fv8u7kn8vcc9cd6cg,False,True,36.0036,-78.93817,6,6,5,6,25,6,8143,45,54,53,54,54,38,81432039074,8.4,2022-12-20T18:45:59Z,0.56
c4257c0qi9clu8nikfgg,c50fv8u7kn8vcc9cd6cg,False,True,36.0036,-78.93817,6,6,6,6,25,6,8143,49,58,58,58,58,39,81432039074,8.2,2022-12-20T19:00:59Z,0.57
c4257c0qi9clu8nikfgg,c50fv8u7kn8vcc9cd6cg,False,True,36.0036,-78.93817,6,6,5,6,25,6,8143,48,56,56,56,56,40,81432039074,7.9,2022-12-20T19:15:59Z,0.57
c4257c0qi9clu8nikfgg,c50fv8u7kn8vcc9cd6cg,False,True,36.0036,-78.93817,6,6,5,6,25,6,8143,47,55,55,55,55,40,81432039074,7.7,2022-12-20T19:30:59Z,0.56
c4257c0qi9clu8nikfgg,c50fv8u7kn8vcc9cd6cg,False,True,36.0036,-78.93817,5,5,5,5,21,5,8143,45,53,53,53,53,40,81432039074,8.0,2022-12-20T19:45:59Z,0.57
c4257c0qi9clu8nikfgg,c50fv8u7kn8vcc9cd6cg,False,True,36.0036,-78.93817,6,6,6,6,25,6,8143,49,58,58,58,58,40,81432039074,8.0,2022-12-20T20:00:59Z,0.56
c4257c0qi9clu8nikfgg,c50fv8u7kn8vcc9cd6cg,False,True,36.0036,-78.93817,6,6,5,6,25,6,8143,46,55,55,55,55,40,81432039074,8.0,2022-12-20T20:15:59Z,0.57
c4257c0qi9clu8nikfgg,c50fv8u7kn8vcc9cd6cg,False,True,36.0036,-78.93817,6,6,5,6,25,6,8143,46,54,54,54,54,41,81432039074,7.6,2022-12-20T20:30:59Z,0.56
c4257c0qi9clu8nikfgg,c50fv8u7kn8vcc9cd6cg,False,True,36.0036,-78.93817,5,5,5,5,21,5,8143,44,52,51,52,52,42,81432039074,7.2,2022-12-20T20:45:59Z,0.56
c4257c0qi9clu8nikfgg,c50fv8u7kn8vcc9cd6cg,False,True,36.0036,-78.93817,5,5,5,5,21,5,8143,41,48,48,48,48,43,81432039074,6.8,2022-12-20T21:00:59Z,0.58
c4257c0qi9clu8nikfgg,c50fv8u7kn8vcc9cd6cg,False,True,36.0036,-78.93817,5,5,5,5,21,5,8143,40,48,48,48,48,44,81432039074,6.5,2022-12-20T21:15:59Z,0.54
c4257c0qi9clu8nikfgg,c50fv8u7kn8vcc9cd6cg,False,True,36.0036,-78.93817,5,5,4,5,21,5,8143,40,47,47,47,47,45,81432039074,6.2,2022-12-20T21:30:59Z,0.55
c4257c0qi9clu8nikfgg,c50fv8u7kn8vcc9cd6cg,False,True,36.0036,-78.93817,5,5,4,5,21,5,8143,39,46,46,46,46,46,81432039074,5.8,2022-12-20T21:45:59Z,0.56
c4257c0qi9clu8nikfgg,c50fv8u7kn8vcc9cd6cg,False,True,36.0036,-78.93817,5,5,5,5,21,5,8143,41,49,48,49,49,47,81432039074,5.7,2022-12-20T22:00:59Z,0.55
c4257c0qi9clu8nikfgg,c50fv8u7kn8vcc9cd6cg,False,True,36.0036,-78.93817,4,4,4,4,17,4,8143,37,44,43,44,44,48,81432039074,5.4,2022-12-20T22:15:59Z,0.56
c4257c0qi9clu8nikfgg,c50fv8u7kn8vcc9cd6cg,False,True,36.0036,-78.93817,4,4,4,4,17,4,8143,38,45,45,45,45,49,81432039074,5.1,2022-12-20T22:30:59Z,0.58
c4257c0qi9clu8nikfgg,c50fv8u7kn8vcc9cd6cg,False,True,36.0036,-78.93817,5,5,4,5,21,5,8143,39,46,46,46,46,50,81432039074,4.8,2022-12-20T22:45:59Z,0.55
c4257c0qi9clu8nikfgg,c50fv8u7kn8vcc9cd6cg,False,True,36.0036,-78.93817,5,5,4,5,21,5,8143,40,47,47,47,47,50,81432039074,4.8,2022-12-20T23:00:59Z,0.57
c4257c0qi9clu8nikfgg,c50fv8u7kn8vcc9cd6cg,False,True,36.0036,-78.93817,5,5,5,5,21,5,8143,41,49,48,48,48,51,81432039074,4.3,2022-12-20T23:15:59Z,0.54
c4257c0qi9clu8nikfgg,c50fv8u7kn8vcc9cd6cg,False,True,36.0036,-78.93817,6,6,5,6,25,6,8143,50,59,59,59,59,53,81432039074,3.9,2022-12-20T23:30:59Z,0.56
c4257c0qi9clu8nikfgg,c50fv8u7kn8vcc9cd6cg,False,True,36.0036,-78.93817,6,6,5,6,25,6,8143,49,59,58,58,58,54,81432039074,3.7,2022-12-20T23:45:59Z,0.55
c4257c0qi9clu8nikfgg,c50fv8u7kn8vcc9cd6cg,False,True,36.0036,-78.93817,6,6,5,6,25,6,8143,49,58,57,58,58,55,81432039074,3.4,2022-12-21T00:00:59Z,0.56
c4257c0qi9clu8nikfgg,c50fv8u7kn8vcc9cd6cg,False,True,36.0036,-78.93817,6,6,5,6,25,6,8143,50,59,59,59,59,56,81432039074,3.1,2022-12-21T00:15:59Z,0.57
c4257c0qi9clu8nikfgg,c50fv8u7kn8vcc9cd6cg,False,True,36.0036,-78.93817,6,6,6,6,25,6,8143,51,61,60,61,61,57,81432039074,2.9,2022-12-21T00:30:59Z,0.57
c4257c0qi9clu8nikfgg,c50fv8u7kn8vcc9cd6cg,False,True,36.0036,-78.93817,6,6,6,6,25,6,8143,51,60,60,60,60,57,81432039074,3.0,2022-12-21T00:45:59Z,0.56
c4257c0qi9clu8nikfgg,c50fv8u7kn8vcc9cd6cg,False,True,36.0036,-78.93817,6,6,6,6,25,6,8143,54,64,63,64,64,58,81432039074,2.8,2022-12-21T01:00:59Z,0.57
c4257c0qi9clu8nikfgg,c50fv8u7kn8vcc9cd6cg,False,True,36.0036,-78.93817,8,7,8,8,33,8,8143,73,86,86,86,86,60,81432039074,2.4,2022-12-21T01:15:59Z,0.56
c4257c0qi9clu8nikfgg,c50fv8u7kn8vcc9cd6cg,False,True,36.0036,-78.93817,8,7,8,8,33,8,8143,72,85,84,85,85,61,81432039074,2.6,2022-12-21T01:30:59Z,0.55
c4257c0qi9clu8nikfgg,c50fv8u7kn8vcc9cd6cg,False,True,36.0036,-78.93817,7,6,7,7,29,7,8143,64,75,75,75,75,61,81432039074,2.8,2022-12-21T01:45:59Z,0.56
c4257c0qi9clu8nikfgg,c50fv8u7kn8vcc9cd6cg,False,True,36.0036,-78.93817,8,7,8,8,33,8,8143,71,84,84,84,84,61,81432039074,2.8,2022-12-21T02:00:59Z,0.55
c4257c0qi9clu8nikfgg,c50fv8u7kn8vcc9cd6cg,False,True,36.0036,-78.93817,7,6,7,7,29,7,8143,64,76,75,76,76,61,81432039074,2.9,2022-12-21T02:15:59Z,0.57
c4257c0qi9clu8nikfgg,c50fv8u7kn8vcc9cd6cg,False,True,36.0036,-78.93817,7,6,7,7,29,7,8143,61,72,72,72,72,62,81432039074,2.9,2022-12-21T02:30:59Z,0.56
c4257c0qi9clu8nikfgg,c50fv8u7kn8vcc9cd6cg,False,True,36.0036,-78.93817,8,7,8,8,33,8,8143,74,87,87,87,87,61,81432039074,2.9,2022-12-21T02:45:59Z,0.57
c4257c0qi9clu8nikfgg,c50fv8u7kn8vcc9cd6cg,False,True,36.0036,-78.93817,9,8,8,9,38,9,8143,77,91,90,91,91,61,81432039074,2.9,2022-12-21T03:00:59Z,0.56
c4257c0qi9clu8nikfgg,c50fv8u7kn8vcc9cd6cg,False,True,36.0036,-78.93817,9,8,8,9,38,9,8143,75,89,89,89,89,61,81432039074,3.2,2022-12-21T03:15:59Z,0.55
c4257c0qi9clu8nikfgg,c50fv8u7kn8vcc9cd6cg,False,True,36.0036,-78.93817,7,6,7,7,29,7,8143,61,72,72,72,72,62,81432039074,3.4,2022-12-21T03:30:59Z,0.57
c4257c0qi9clu8nikfgg,c50fv8u7kn8vcc9cd6cg,False,True,36.0036,-78.93817,7,6,7,7,29,7,8143,62,73,73,73,73,63,81432039074,3.4,2022-12-21T03:45:59Z,0.56
c4257c0qi9clu8nikfgg,c50fv8u7kn8vcc9cd6cg,False,True,36.0036,-78.93817,8,7,7,8,33,8,8143,67,79,79,79,79,62,81432039074,3.4,2022-12-21T04:00:59Z,0.57
c4257c0qi9clu8nikfgg,c50fv8u7kn8vcc9cd6cg,False,True,36.0036,-78.93817,8,7,7,8,33,8,8143,66,78,78,78,78,62,81432039074,3.6,2022-12-21T04:15:59Z,0.55
c4257c0qi9clu8nikfgg,c50fv8u7kn8vcc9cd6cg,False,True,36.0036,-78.93817,8,7,8,8,33,8,8143,70,83,83,83,83,62,81432039074,3.2,2022-12-21T04:30:59Z,0.57
c4257c0qi9clu8nikfgg,c50fv8u7kn8vcc9cd6cg,False,True,36.0036,-78.93817,8,7,7,8,33,8,8143,66,79,78,78,79,62,81432039074,3.1,2022-12-21T04:45:59Z,0.57
c4257c0qi9clu8nikfgg,c50fv8u7kn8vcc9cd6cg,False,True,36.0036,-78.93817,8,7,7,8,33,8,8143,66,78,78,78,78,63,81432039074,3.0,2022-12-21T05:00:59Z,0.56
c4257c0qi9clu8nikfgg,c50fv8u7kn8vcc9cd6cg,False,True,36.0036,-78.93817,8,7,7,8,33,8,8143,68,81,80,80,80,64,81432039074,2.8,2022-12-21T05:15:59Z,0.55
c4257c0qi9clu8nikfgg,c50fv8u7kn8vcc9cd6cg,False,True,36.0036,-78.93817,8,7,7,8,33,8,8143,68,80,80,80,80,64,81432039074,2.6,2022-12-21T05:30:59Z,0.56
c4257c0qi9clu8nikfgg,c50fv8u7kn8vcc9cd6cg,False,True,36.0036,-78.93817,8,7,7,8,33,8,8143,67,79,78,79,79,64,81432039074,2.6,2022-12-21T05:45:59Z,0.56
c4257c0qi9clu8nikfgg,c50fv8u7kn8vcc9cd6cg,False,True,36.0036,-78.93817,8,7,7,8,33,8,8143,67,80,79,80,80,63,81432039074,3.0,2022-12-21T06:00:59Z,0.56
c4257c0qi9clu8nikfgg,c50fv8u7kn8vcc9cd6cg,False,True,36.0036,-78.93817,8,7,7,8,33,8,8143,68,80,80,80,80,62,81432039074,3.3,2022-12-21T06:15:59Z,0.56
c4257c0qi9clu8nikfgg,c50fv8u7kn8vcc9cd6cg,False,True,36.0036,-78.93817,8,7,7,8,33,8,8143,65,77,76,77,77,61,81432039074,3.3,2022-12-21T06:30:59Z,0.56
c4257c0qi9clu8nikfgg,c50fv8u7kn8vcc9cd6cg,False,True,36.0036,-78.93817,7,6,7,7,29,7,8143,62,73,73,73,73,60,81432039074,3.1,2022-12-21T06:45:59Z,0.54
c4257c0qi9clu8nikfgg,c50fv8u7kn8vcc9cd6cg,False,True,36.0036,-78.93817,7,6,7,7,29,7,8143,61,72,72,72,72,61,81432039074,3.0,2022-12-21T07:00:59Z,0.56
c4257c0qi9clu8nikfgg,c50fv8u7kn8vcc9cd6cg,False,True,36.0036,-78.93817,7,6,6,7,29,7,8143,59,70,70,70,70,62,81432039074,2.6,2022-12-21T07:15:59Z,0.55
c4257c0qi9clu8nikfgg,c50fv8u7kn8vcc9cd6cg,False,True,36.0036,-78.93817,7,6,6,7,29,7,8143,57,68,67,68,68,63,81432039074,2.2,2022-12-21T07:30:59Z,0.55
c4257c0qi9clu8nikfgg,c50fv8u7kn8vcc9cd6cg,False,True,36.0036,-78.93817,6,6,6,6,25,6,8143,57,67,66,67,67,63,81432039074,2.1,2022-12-21T07:45:59Z,0.55
c4257c0qi9clu8nikfgg,c50fv8u7kn8vcc9cd6cg,False,True,36.0036,-78.93817,7,6,6,7,29,7,8143,58,69,69,69,69,64,81432039074,2.3,2022-12-21T08:00:59Z,0.58
c4257c0qi9clu8nikfgg,c50fv8u7kn8vcc9cd6cg,False,True,36.0036,-78.93817,6,6,6,6,25,6,8143,56,66,66,66,66,62,81432039074,2.3,2022-12-21T08:15:59Z,0.57
c4257c0qi9clu8nikfgg,c50fv8u7kn8vcc9cd6cg,False,True,36.0036,-78.93817,6,6,6,6,25,6,8143,56,66,66,66,66,62,81432039074,1.9,2022-12-21T08:30:59Z,0.55
c4257c0qi9clu8nikfgg,c50fv8u7kn8vcc9cd6cg,False,True,36.0036,-78.93817,6,6,6,6,25,6,8143,57,67,67,67,67,64,81432039074,1.8,2022-12-21T08:45:59Z,0.56
c4257c0qi9clu8nikfgg,c50fv8u7kn8vcc9cd6cg,False,True,36.0036,-78.93817,7,6,6,7,29,7,8143,57,68,67,68,68,64,81432039074,1.5,2022-12-21T09:00:59Z,0.56
c4257c0qi9clu8nikfgg,c50fv8u7kn8vcc9cd6cg,False,True,36.0036,-78.93817,7,6,6,7,29,7,8143,59,69,69,69,69,65,81432039074,1.3,2022-12-21T09:15:59Z,0.55
c4257c0qi9clu8nikfgg,c50fv8u7kn8vcc9cd6cg,False,True,36.0036,-78.93817,7,6,6,7,29,7,8143,58,68,68,68,68,65,81432039074,1.3,2022-12-21T09:30:59Z,0.56
c4257c0qi9clu8nikfgg,c50fv8u7kn8vcc9cd6cg,False,True,36.0036,-78.93817,7,6,6,7,29,7,8143,60,70,70,70,70,66,81432039074,1.0,2022-12-21T09:45:59Z,0.56
c4257c0qi9clu8nikfgg,c50fv8u7kn8vcc9cd6cg,False,True,36.0036,-78.93817,7,6,6,7,29,7,8143,60,71,71,71,71,67,81432039074,0.9,2022-12-21T10:00:59Z,0.57
c4257c0qi9clu8nikfgg,c50fv8u7kn8vcc9cd6cg,False,True,36.0036,-78.93817,7,6,6,7,29,7,8143,60,71,71,71,71,66,81432039074,1.1,2022-12-21T10:15:59Z,0.58
c4257c0qi9clu8nikfgg,c50fv8u7kn8vcc9cd6cg,False,True,36.0036,-78.93817,7,6,7,7,29,7,8143,62,73,73,73,73,65,81432039074,1.0,2022-12-21T10:30:59Z,0.56
c4257c0qi9clu8nikfgg,c50fv8u7kn8vcc9cd6cg,False,True,36.0036,-78.93817,7,6,7,7,29,7,8143,63,74,74,74,74,66,81432039074,1.0,2022-12-21T10:45:59Z,0.56
c4257c0qi9clu8nikfgg,c50fv8u7kn8vcc9cd6cg,False,True,36.0036,-78.93817,7,6,7,7,29,7,8143,65,76,76,76,76,67,81432039074,0.7,2022-12-21T11:00:59Z,0.56
c4257c0qi9clu8nikfgg,c50fv8u7kn8vcc9cd6cg,False,True,36.0036,-78.93817,7,6,7,7,29,7,8143,64,76,76,76,76,66,81432039074,0.7,2022-12-21T11:15:59Z,0.58
c4257c0qi9clu8nikfgg,c50fv8u7kn8vcc9cd6cg,False,True,36.0036,-78.93817,7,6,7,7,29,7,8143,66,78,78,78,78,66,81432039074,0.7,2022-12-21T11:30:59Z,0.57
c4257c0qi9clu8nikfgg,c50fv8u7kn8vcc9cd6cg,False,True,36.0036,-78.93817,8,7,7,8,33,8,8143,67,79,79,79,79,67,81432039074,0.4,2022-12-21T11:45:59Z,0.57
c4257c0qi9clu8nikfgg,c50fv8u7kn8vcc9cd6cg,False,True,36.0036,-78.93817,8,7,8,8,33,8,8143,71,84,84,84,84,69,81432039074,0.4,2022-12-21T12:00:59Z,0.58
c4257c0qi9clu8nikfgg,c50fv8u7kn8vcc9cd6cg,False,True,36.0036,-78.93817,8,7,7,8,33,8,8143,68,80,80,80,80,69,81432039074,0.4,2022-12-21T12:15:59Z,0.57
c4257c0qi9clu8nikfgg,c50fv8u7kn8vcc9cd6cg,False,True,36.0036,-78.93817,8,7,7,8,33,8,8143,68,81,80,81,81,69,81432039074,0.2,2022-12-21T12:30:59Z,0.59
c4257c0qi9clu8nikfgg,c50fv8u7kn8vcc9cd6cg,False,True,36.0036,-78.93817,8,7,7,8,33,8,8143,69,82,82,82,82,69,81432039074,0.2,2022-12-21T12:45:59Z,0.57
c4257c0qi9clu8nikfgg,c50fv8u7kn8vcc9cd6cg,False,True,36.0036,-78.93817,8,7,8,8,33,8,8143,71,84,83,84,84,69,81432039074,0.4,2022-12-21T13:00:59Z,0.57
c4257c0qi9clu8nikfgg,c50fv8u7kn8vcc9cd6cg,False,True,36.0036,-78.93817,8,7,8,8,33,8,8143,71,84,83,84,84,68,81432039074,0.7,2022-12-21T13:15:59Z,0.58
c4257c0qi9clu8nikfgg,c50fv8u7kn8vcc9cd6cg,False,True,36.0036,-78.93817,8,7,7,8,33,8,8143,70,82,82,82,82,66,81432039074,1.1,2022-12-21T13:30:59Z,0.58
c4257c0qi9clu8nikfgg,c50fv8u7kn8vcc9cd6cg,False,True,36.0036,-78.93817,8,7,7,8,33,8,8143,69,82,81,82,82,64,81432039074,1.6,2022-12-21T13:45:59Z,0.58
c4257c0qi9clu8nikfgg,c50fv8u7kn8vcc9cd6cg,False,True,36.0036,-78.93817,8,7,8,8,33,8,8143,71,84,84,84,84,62,81432039074,2.0,2022-12-21T14:00:59Z,0.57
c4257c0qi9clu8nikfgg,c50fv8u7kn8vcc9cd6cg,False,True,36.0036,-78.93817,8,7,8,8,33,8,8143,70,83,82,83,83,60,81432039074,2.6,2022-12-21T14:15:59Z,0.57
c4257c0qi9clu8nikfgg,c50fv8u7kn8vcc9cd6cg,False,True,36.0036,-78.93817,8,7,8,8,33,8,8143,70,83,83,83,83,58,81432039074,3.2,2022-12-21T14:30:59Z,0.58
c4257c0qi9clu8nikfgg,c50fv8u7kn8vcc9cd6cg,False,True,36.0036,-78.93817,8,7,8,8,33,8,8143,69,81,81,81,81,57,81432039074,3.7,2022-12-21T14:45:59Z,0.58
c4257c0qi9clu8nikfgg,c50fv8u7kn8vcc9cd6cg,False,True,36.0036,-78.93817,8,7,8,8,33,8,8143,69,82,81,82,82,55,81432039074,4.0,2022-12-21T15:00:59Z,0.57
c4257c0qi9clu8nikfgg,c50fv8u7kn8vcc9cd6cg,False,True,36.0036,-78.93817,8,7,7,8,33,8,8143,67,79,79,79,79,53,81432039074,4.3,2022-12-21T15:15:59Z,0.58
c4257c0qi9clu8nikfgg,c50fv8u7kn8vcc9cd6cg,False,True,36.0036,-78.93817,8,7,7,8,33,8,8143,65,77,77,77,77,52,81432039074,4.6,2022-12-21T15:30:59Z,0.58
c4257c0qi9clu8nikfgg,c50fv8u7kn8vcc9cd6cg,False,True,36.0036,-78.93817,7,6,7,7,29,7,8143,62,74,73,73,73,50,81432039074,5.2,2022-12-21T15:45:59Z,0.58
c4257c0qi9clu8nikfgg,c50fv8u7kn8vcc9cd6cg,False,True,36.0036,-78.93817,7,6,7,7,29,7,8143,58,69,69,69,69,48,81432039074,6.2,2022-12-21T16:00:59Z,0.57
c4257c0qi9clu8nikfgg,c50fv8u7kn8vcc9cd6cg,False,True,36.0036,-78.93817,6,6,6,6,25,6,8143,53,63,62,63,63,44,81432039074,7.6,2022-12-21T16:15:59Z,0.57
c4257c0qi9clu8nikfgg,c50fv8u7kn8vcc9cd6cg,False,True,36.0036,-78.93817,6,6,6,6,25,6,8143,50,59,59,59,59,39,81432039074,9.2,2022-12-21T16:30:59Z,0.57
c4257c0qi9clu8nikfgg,c50fv8u7kn8vcc9cd6cg,False,True,36.0036,-78.93817,6,6,5,6,25,6,8143,46,54,54,54,54,38,81432039074,9.7,2022-12-21T16:45:59Z,0.57
c4257c0qi9clu8nikfgg,c50fv8u7kn8vcc9cd6cg,False,True,36.0036,-78.93817,6,6,6,6,25,6,8143,46,55,55,55,55,35,81432039074,10.8,2022-12-21T17:00:59Z,0.57
c4257c0qi9clu8nikfgg,c50fv8u7kn8vcc9cd6cg,False,True,36.0036,-78.93817,6,6,6,6,25,6,8143,48,57,56,57,57,34,81432039074,11.4,2022-12-21T17:15:59Z,0.57
c4257c0qi9clu8nikfgg,c50fv8u7kn8vcc9cd6cg,False,True,36.0036,-78.93817,6,6,6,6,25,6,8143,47,55,55,55,55,34,81432039074,11.4,2022-12-21T17:30:59Z,0.56
c4257c0qi9clu8nikfgg,c50fv8u7kn8vcc9cd6cg,False,True,36.0036,-78.93817,6,6,5,6,25,6,8143,46,54,54,54,54,33,81432039074,11.8,2022-12-21T17:45:59Z,0.57
c4257c0qi9clu8nikfgg,c50fv8u7kn8vcc9cd6cg,False,True,36.0036,-78.93817,5,5,5,5,21,5,8143,43,51,50,51,51,32,81432039074,12.2,2022-12-21T18:00:59Z,0.57
c4257c0qi9clu8nikfgg,c50fv8u7kn8vcc9cd6cg,False,True,36.0036,-78.93817,5,5,5,5,21,5,8143,42,50,49,50,50,32,81432039074,12.3,2022-12-21T18:15:59Z,0.56
c4257c0qi9clu8nikfgg,c50fv8u7kn8vcc9cd6cg,False,True,36.0036,-78.93817,5,5,5,5,21,5,8143,40,47,47,47,47,32,81432039074,12.3,2022-12-21T18:30:59Z,0.56
c4257c0qi9clu8nikfgg,c50fv8u7kn8vcc9cd6cg,False,True,36.0036,-78.93817,5,5,5,5,21,5,8143,39,47,46,46,46,32,81432039074,12.0,2022-12-21T18:45:59Z,0.56
c4257c0qi9clu8nikfgg,c50fv8u7kn8vcc9cd6cg,False,True,36.0036,-78.93817,5,5,5,5,21,5,8143,38,45,45,45,45,32,81432039074,12.0,2022-12-21T19:00:59Z,0.54
c4257c0qi9clu8nikfgg,c50fv8u7kn8vcc9cd6cg,False,True,36.0036,-78.93817,5,5,5,5,21,5,8143,38,45,45,45,45,32,81432039074,12.1,2022-12-21T19:15:59Z,0.56
c4257c0qi9clu8nikfgg,c50fv8u7kn8vcc9cd6cg,False,True,36.0036,-78.93817,5,5,4,5,21,5,8143,37,44,43,44,44,32,81432039074,12.1,2022-12-21T19:30:59Z,0.56
c4257c0qi9clu8nikfgg,c50fv8u7kn8vcc9cd6cg,False,True,36.0036,-78.93817,5,5,4,5,21,5,8143,36,43,42,43,43,31,81432039074,12.4,2022-12-21T19:45:59Z,0.58
c4257c0qi9clu8nikfgg,c50fv8u7kn8vcc9cd6cg,False,True,36.0036,-78.93817,5,5,4,5,21,5,8143,36,42,42,42,42,31,81432039074,12.1,2022-12-21T20:00:59Z,0.57
c4257c0qi9clu8nikfgg,c50fv8u7kn8vcc9cd6cg,False,True,36.0036,-78.93817,4,4,4,4,17,4,8143,34,40,40,40,40,31,81432039074,12.2,2022-12-21T20:15:59Z,0.56
c4257c0qi9clu8nikfgg,c50fv8u7kn8vcc9cd6cg,False,True,36.0036,-78.93817,4,4,4,4,17,4,8143,34,41,40,41,41,32,81432039074,12.1,2022-12-21T20:30:59Z,0.58
c4257c0qi9clu8nikfgg,c50fv8u7kn8vcc9cd6cg,False,True,36.0036,-78.93817,4,4,4,4,17,4,8143,35,42,42,42,42,33,81432039074,11.5,2022-12-21T20:45:59Z,0.56
c4257c0qi9clu8nikfgg,c50fv8u7kn8vcc9cd6cg,False,True,36.0036,-78.93817,4,4,4,4,17,4,8143,36,42,42,42,42,34,81432039074,11.0,2022-12-21T21:00:59Z,0.57
c4257c0qi9clu8nikfgg,c50fv8u7kn8vcc9cd6cg,False,True,36.0036,-78.93817,5,5,4,5,21,5,8143,37,44,43,44,44,35,81432039074,10.5,2022-12-21T21:15:59Z,0.56
c4257c0qi9clu8nikfgg,c50fv8u7kn8vcc9cd6cg,False,True,36.0036,-78.93817,5,5,4,5,21,5,8143,38,45,44,45,45,37,81432039074,10.1,2022-12-21T21:30:59Z,0.56
c4257c0qi9clu8nikfgg,c50fv8u7kn8vcc9cd6cg,False,True,36.0036,-78.93817,5,5,5,5,21,5,8143,39,46,45,46,46,38,81432039074,9.9,2022-12-21T21:45:59Z,0.56
c4257c0qi9clu8nikfgg,c50fv8u7kn8vcc9cd6cg,False,True,36.0036,-78.93817,5,5,4,5,21,5,8143,38,45,45,45,45,39,81432039074,9.7,2022-12-21T22:00:59Z,0.57
c4257c0qi9clu8nikfgg,c50fv8u7kn8vcc9cd6cg,False,True,36.0036,-78.93817,5,5,5,5,21,5,8143,39,46,46,46,46,39,81432039074,9.5,2022-12-21T22:15:59Z,0.57
c4257c0qi9clu8nikfgg,c50fv8u7kn8vcc9cd6cg,False,True,36.0036,-78.93817,5,5,5,5,21,5,8143,41,48,48,48,48,40,81432039074,9.4,2022-12-21T22:30:59Z,0.56
c4257c0qi9clu8nikfgg,c50fv8u7kn8vcc9cd6cg,False,True,36.0036,-78.93817,5,5,5,5,21,5,8143,42,50,50,50,50,41,81432039074,9.3,2022-12-21T22:45:59Z,0.57
c4257c0qi9clu8nikfgg,c50fv8u7kn8vcc9cd6cg,False,True,36.0036,-78.93817,5,5,5,5,21,5,8143,43,50,50,50,50,41,81432039074,9.3,2022-12-21T23:00:59Z,0.57
c4257c0qi9clu8nikfgg,c50fv8u7kn8vcc9cd6cg,False,True,36.0036,-78.93817,5,5,5,5,21,5,8143,39,47,46,47,47,42,81432039074,9.2,2022-12-21T23:15:59Z,0.56
c4257c0qi9clu8nikfgg,c50fv8u7kn8vcc9cd6cg,False,True,36.0036,-78.93817,5,5,4,5,21,5,8143,38,45,44,44,45,42,81432039074,9.1,2022-12-21T23:30:59Z,0.55
c4257c0qi9clu8nikfgg,c50fv8u7kn8vcc9cd6cg,False,True,36.0036,-78.93817,5,5,4,5,21,5,8143,37,44,44,44,44,42,81432039074,9.0,2022-12-21T23:45:59Z,0.55
c4257c0qi9clu8nikfgg,c50fv8u7kn8vcc9cd6cg,False,True,36.0036,-78.93817,5,5,4,5,21,5,8143,38,45,45,45,45,43,81432039074,9.0,2022-12-22T00:00:59Z,0.57
c4257c0qi9clu8nikfgg,c50fv8u7kn8vcc9cd6cg,False,True,36.0036,-78.93817,5,5,4,5,21,5,8143,37,44,44,44,44,44,81432039074,8.8,2022-12-22T00:15:59Z,0.55
c4257c0qi9clu8nikfgg,c50fv8u7kn8vcc9cd6cg,False,True,36.0036,-78.93817,5,5,4,5,21,5,8143,38,45,45,45,45,44,81432039074,9.0,2022-12-22T00:30:59Z,0.57
c4257c0qi9clu8nikfgg,c50fv8u7kn8vcc9cd6cg,False,True,36.0036,-78.93817,5,5,5,5,21,5,8143,39,46,46,46,46,47,81432039074,8.8,2022-12-22T00:45:59Z,0.58
c4257c0qi9clu8nikfgg,c50fv8u7kn8vcc9cd6cg,False,True,36.0036,-78.93817,5,5,4,5,21,5,8143,38,44,44,44,44,48,81432039074,8.5,2022-12-22T01:00:59Z,0.56
c4257c0qi9clu8nikfgg,c50fv8u7kn8vcc9cd6cg,False,True,36.0036,-78.93817,5,5,4,5,21,5,8143,38,45,45,45,45,47,81432039074,8.8,2022-12-22T01:15:59Z,0.57
c4257c0qi9clu8nikfgg,c50fv8u7kn8vcc9cd6cg,False,True,36.0036,-78.93817,5,5,5,5,21,5,8143,40,47,47,47,47,46,81432039074,8.9,2022-12-22T01:30:59Z,0.56
c4257c0qi9clu8nikfgg,c50fv8u7kn8vcc9cd6cg,False,True,36.0036,-78.93817,5,5,5,5,21,5,8143,41,49,48,49,49,48,81432039074,8.9,2022-12-22T01:45:59Z,0.57
c4257c0qi9clu8nikfgg,c50fv8u7kn8vcc9cd6cg,False,True,36.0036,-78.93817,5,5,5,5,21,5,8143,43,51,51,51,51,51,81432039074,8.5,2022-12-22T02:00:59Z,0.58
c4257c0qi9clu8nikfgg,c50fv8u7kn8vcc9cd6cg,False,True,36.0036,-78.93817,5,5,5,5,21,5,8143,44,51,51,51,51,55,81432039074,8.0,2022-12-22T02:15:59Z,0.57
c4257c0qi9clu8nikfgg,c50fv8u7kn8vcc9cd6cg,False,True,36.0036,-78.93817,5,5,5,5,21,5,8143,43,51,51,51,51,57,81432039074,7.7,2022-12-22T02:30:59Z,0.58
c4257c0qi9clu8nikfgg,c50fv8u7kn8vcc9cd6cg,False,True,36.0036,-78.93817,5,5,5,5,21,5,8143,43,51,50,51,51,59,81432039074,7.3,2022-12-22T02:45:59Z,0.57
c4257c0qi9clu8nikfgg,c50fv8u7kn8vcc9cd6cg,False,True,36.0036,-78.93817,5,5,5,5,21,5,8143,42,49,49,49,49,59,81432039074,7.5,2022-12-22T03:00:59Z,0.56
c4257c0qi9clu8nikfgg,c50fv8u7kn8vcc9cd6cg,False,True,36.0036,-78.93817,5,5,5,5,21,5,8143,42,49,49,49,49,59,81432039074,7.5,2022-12-22T03:15:59Z,0.58
c4257c0qi9clu8nikfgg,c50fv8u7kn8vcc9cd6cg,False,True,36.0036,-78.93817,5,5,5,5,21,5,8143,40,47,47,47,47,60,81432039074,7.5,2022-12-22T03:30:59Z,0.55
c4257c0qi9clu8nikfgg,c50fv8u7kn8vcc9cd6cg,False,True,36.0036,-78.93817,5,5,5,5,21,5,8143,40,47,47,47,47,62,81432039074,7.3,2022-12-22T03:45:59Z,0.56
c4257c0qi9clu8nikfgg,c50fv8u7kn8vcc9cd6cg,False,True,36.0036,-78.93817,5,5,5,5,21,5,8143,41,48,48,48,48,67,81432039074,6.9,2022-12-22T04:00:59Z,0.57
c4257c0qi9clu8nikfgg,c50fv8u7kn8vcc9cd6cg,False,True,36.0036,-78.93817,5,5,5,5,21,5,8143,41,49,49,49,49,70,81432039074,6.4,2022-12-22T04:15:59Z,0.59
c4257c0qi9clu8nikfgg,c50fv8u7kn8vcc9cd6cg,False,True,36.0036,-78.93817,5,5,5,5,21,5,8143,42,50,50,50,50,71,81432039074,6.5,2022-12-22T04:30:59Z,0.59
c4257c0qi9clu8nikfgg,c50fv8u7kn8vcc9cd6cg,False,True,36.0036,-78.93817,5,5,5,5,21,5,8143,44,52,51,52,52,73,81432039074,6.4,2022-12-22T04:45:59Z,0.59
c4257c0qi9clu8nikfgg,c50fv8u7kn8vcc9cd6cg,False,True,36.0036,-78.93817,5,5,5,5,21,5,8143,44,52,52,52,52,74,81432039074,6.3,2022-12-22T05:00:59Z,0.59
c4257c0qi9clu8nikfgg,c50fv8u7kn8vcc9cd6cg,False,True,36.0036,-78.93817,5,5,5,5,21,5,8143,43,51,50,51,51,76,81432039074,6.4,2022-12-22T05:15:59Z,0.58
c4257c0qi9clu8nikfgg,c50fv8u7kn8vcc9cd6cg,False,True,36.0036,-78.93817,5,5,5,5,21,5,8143,45,53,53,53,53,76,81432039074,6.7,2022-12-22T05:30:59Z,0.59
c4257c0qi9clu8nikfgg,c50fv8u7kn8vcc9cd6cg,False,True,36.0036,-78.93817,5,5,5,5,21,5,8143,45,54,54,54,54,78,81432039074,6.5,2022-12-22T05:45:59Z,0.6
c4257c0qi9clu8nikfgg,c50fv8u7kn8vcc9cd6cg,False,True,36.0036,-78.93817,5,5,5,5,21,5,8143,45,53,52,53,53,80,81432039074,6.1,2022-12-22T06:00:59Z,0.61
c4257c0qi9clu8nikfgg,c50fv8u7kn8vcc9cd6cg,False,True,36.0036,-78.93817,5,5,5,5,21,5,8143,42,50,50,50,50,81,81432039074,6.2,2022-12-22T06:15:59Z,0.63
c4257c0qi9clu8nikfgg,c50fv8u7kn8vcc9cd6cg,False,True,36.0036,-78.93817,5,5,5,5,21,5,8143,42,50,49,49,50,81,81432039074,6.3,2022-12-22T06:30:59Z,0.62
c4257c0qi9clu8nikfgg,c50fv8u7kn8vcc9cd6cg,False,True,36.0036,-78.93817,5,5,5,5,21,5,8143,45,53,53,53,53,82,81432039074,6.2,2022-12-22T06:45:59Z,0.64
c4257c0qi9clu8nikfgg,c50fv8u7kn8vcc9cd6cg,False,True,36.0036,-78.93817,6,6,5,5,21,5,8143,45,53,53,53,53,82,81432039074,6.5,2022-12-22T07:00:59Z,0.63
c4257c0qi9clu8nikfgg,c50fv8u7kn8vcc9cd6cg,False,True,36.0036,-78.93817,6,6,5,5,21,6,8143,44,53,52,52,53,83,81432039074,6.4,2022-12-22T07:15:59Z,0.65
c4257c0qi9clu8nikfgg,c50fv8u7kn8vcc9cd6cg,False,True,36.0036,-78.93817,5,5,5,5,21,5,8143,40,47,47,47,47,81,81432039074,6.8,2022-12-22T07:30:59Z,0.65
c4257c0qi9clu8nikfgg,c50fv8u7kn8vcc9cd6cg,False,True,36.0036,-78.93817,5,5,4,5,21,5,8143,37,44,44,44,44,82,81432039074,6.6,2022-12-22T07:45:59Z,0.63
c4257c0qi9clu8nikfgg,c50fv8u7kn8vcc9cd6cg,False,True,36.0036,-78.93817,4,4,4,4,17,4,8143,34,41,41,41,41,82,81432039074,6.7,2022-12-22T08:00:59Z,0.65
c4257c0qi9clu8nikfgg,c50fv8u7kn8vcc9cd6cg,False,True,36.0036,-78.93817,4,4,4,4,17,4,8143,35,42,42,42,42,82,81432039074,6.9,2022-12-22T08:15:59Z,0.65
c4257c0qi9clu8nikfgg,c50fv8u7kn8vcc9cd6cg,False,True,36.0036,-78.93817,4,4,4,4,17,4,8143,35,42,41,42,42,82,81432039074,6.9,2022-12-22T08:30:59Z,0.64
c4257c0qi9clu8nikfgg,c50fv8u7kn8vcc9cd6cg,False,True,36.0036,-78.93817,4,4,4,4,17,4,8143,35,41,41,41,41,83,81432039074,6.7,2022-12-22T08:45:59Z,0.64
c4257c0qi9clu8nikfgg,c50fv8u7kn8vcc9cd6cg,False,True,36.0036,-78.93817,4,4,4,4,17,4,8143,34,40,40,40,40,83,81432039074,6.6,2022-12-22T09:00:59Z,0.65
c4257c0qi9clu8nikfgg,c50fv8u7kn8vcc9cd6cg,False,True,36.0036,-78.93817,4,4,4,4,17,4,8143,33,39,39,39,39,83,81432039074,6.7,2022-12-22T09:15:59Z,0.65
c4257c0qi9clu8nikfgg,c50fv8u7kn8vcc9cd6cg,False,True,36.0036,-78.93817,4,4,4,4,17,4,8143,33,39,38,39,39,83,81432039074,6.8,2022-12-22T09:30:59Z,0.64
c4257c0qi9clu8nikfgg,c50fv8u7kn8vcc9cd6cg,False,True,36.0036,-78.93817,4,4,4,4,17,4,8143,32,38,38,38,38,83,81432039074,6.9,2022-12-22T09:45:59Z,0.65
c4257c0qi9clu8nikfgg,c50fv8u7kn8vcc9cd6cg,False,True,36.0036,-78.93817,4,4,4,4,17,4,8143,33,39,39,39,39,84,81432039074,6.8,2022-12-22T10:00:59Z,0.65
c4257c0qi9clu8nikfgg,c50fv8u7kn8vcc9cd6cg,False,True,36.0036,-78.93817,4,4,4,4,17,4,8143,34,40,40,40,40,83,81432039074,6.9,2022-12-22T10:15:59Z,0.62
c4257c0qi9clu8nikfgg,c50fv8u7kn8vcc9cd6cg,False,True,36.0036,-78.93817,4,4,4,4,17,4,8143,35,42,41,42,42,83,81432039074,7.1,2022-12-22T10:30:59Z,0.63
c4257c0qi9clu8nikfgg,c50fv8u7kn8vcc9cd6cg,False,True,36.0036,-78.93817,4,4,4,4,17,4,8143,36,43,43,43,43,83,81432039074,7.2,2022-12-22T10:45:59Z,0.62
c4257c0qi9clu8nikfgg,c50fv8u7kn8vcc9cd6cg,False,True,36.0036,-78.93817,5,5,4,5,21,5,8143,38,44,44,44,44,83,81432039074,7.3,2022-12-22T11:00:59Z,0.62
c4257c0qi9clu8nikfgg,c50fv8u7kn8vcc9cd6cg,False,True,36.0036,-78.93817,5,5,5,5,21,5,8143,40,48,47,48,48,83,81432039074,7.3,2022-12-22T11:15:59Z,0.65
c4257c0qi9clu8nikfgg,c50fv8u7kn8vcc9cd6cg,False,True,36.0036,-78.93817,5,5,5,5,21,5,8143,40,48,47,48,48,83,81432039074,7.3,2022-12-22T11:30:59Z,0.63
c4257c0qi9clu8nikfgg,c50fv8u7kn8vcc9cd6cg,False,True,36.0036,-78.93817,5,5,5,5,21,5,8143,40,47,47,47,47,84,81432039074,7.2,2022-12-22T11:45:59Z,0.63
c4257c0qi9clu8nikfgg,c50fv8u7kn8vcc9cd6cg,False,True,36.0036,-78.93817,5,5,5,5,21,5,8143,40,47,47,47,47,83,81432039074,7.3,2022-12-22T12:00:59Z,0.63
c4257c0qi9clu8nikfgg,c50fv8u7kn8vcc9cd6cg,False,True,36.0036,-78.93817,5,5,5,5,21,5,8143,39,47,46,47,47,84,81432039074,7.3,2022-12-22T12:15:59Z,0.63
c4257c0qi9clu8nikfgg,c50fv8u7kn8vcc9cd6cg,False,True,36.0036,-78.93817,5,5,4,5,21,5,8143,38,45,45,45,45,83,81432039074,7.6,2022-12-22T12:30:59Z,0.62
c4257c0qi9clu8nikfgg,c50fv8u7kn8vcc9cd6cg,False,True,36.0036,-78.93817,5,5,4,5,21,5,8143,37,44,44,44,44,83,81432039074,7.8,2022-12-22T12:45:59Z,0.62
c4257c0qi9clu8nikfgg,c50fv8u7kn8vcc9cd6cg,False,True,36.0036,-78.93817,4,4,4,4,17,4,8143,36,43,42,43,43,83,81432039074,7.9,2022-12-22T13:00:59Z,0.62
c4257c0qi9clu8nikfgg,c50fv8u7kn8vcc9cd6cg,False,True,36.0036,-78.93817,5,5,4,5,21,5,8143,36,43,43,43,43,83,81432039074,8.1,2022-12-22T13:15:59Z,0.64
c4257c0qi9clu8nikfgg,c50fv8u7kn8vcc9cd6cg,False,True,36.0036,-78.93817,4,4,4,4,17,4,8143,36,43,42,43,43,83,81432039074,8.2,2022-12-22T13:30:59Z,0.61
c4257c0qi9clu8nikfgg,c50fv8u7kn8vcc9cd6cg,False,True,36.0036,-78.93817,4,4,4,4,17,4,8143,36,42,42,42,42,83,81432039074,8.1,2022-12-22T13:45:59Z,0.59
c4257c0qi9clu8nikfgg,c50fv8u7kn8vcc9cd6cg,False,True,36.0036,-78.93817,4,4,4,4,17,4,8143,31,36,36,36,36,84,81432039074,7.9,2022-12-22T14:00:59Z,0.6
c4257c0qi9clu8nikfgg,c50fv8u7kn8vcc9cd6cg,False,True,36.0036,-78.93817,3,3,3,3,13,3,8143,27,32,32,32,32,84,81432039074,8.2,2022-12-22T14:15:59Z,0.6
c4257c0qi9clu8nikfgg,c50fv8u7kn8vcc9cd6cg,False,True,36.0036,-78.93817,3,3,3,3,13,3,8143,26,31,31,31,31,84,81432039074,8.4,2022-12-22T14:30:59Z,0.59
c4257c0qi9clu8nikfgg,c50fv8u7kn8vcc9cd6cg,False,True,36.0036,-78.93817,3,3,3,3,13,3,8143,25,30,29,30,30,84,81432039074,8.6,2022-12-22T14:45:59Z,0.61
c4257c0qi9clu8nikfgg,c50fv8u7kn8vcc9cd6cg,False,True,36.0036,-78.93817,2,2,2,2,8,2,8143,19,22,22,22,22,84,81432039074,8.6,2022-12-22T15:00:59Z,0.56
c4257c0qi9clu8nikfgg,c50fv8u7kn8vcc9cd6cg,False,True,36.0036,-78.93817,1,1,1,1,4,1,8143,10,12,12,12,12,84,81432039074,8.1,2022-12-22T15:15:59Z,0.55
c4257c0qi9clu8nikfgg,c50fv8u7kn8vcc9cd6cg,False,True,36.0036,-78.93817,1,1,1,1,4,1,8143,7,8,8,8,8,83,81432039074,8.1,2022-12-22T15:30:59Z,0.55
c4257c0qi9clu8nikfgg,c50fv8u7kn8vcc9cd6cg,False,True,36.0036,-78.93817,1,1,1,1,4,1,8143,7,8,8,8,8,83,81432039074,8.3,2022-12-22T15:45:59Z,0.55
c4257c0qi9clu8nikfgg,c50fv8u7kn8vcc9cd6cg,False,True,36.0036,-78.93817,1,1,1,1,4,1,8143,5,6,6,6,6,81,81432039074,8.4,2022-12-22T16:00:59Z,0.52
c4257c0qi9clu8nikfgg,c50fv8u7kn8vcc9cd6cg,False,True,36.0036,-78.93817,1,1,1,1,4,1,8143,6,7,7,7,7,82,81432039074,8.1,2022-12-22T16:15:59Z,0.54
c4257c0qi9clu8nikfgg,c50fv8u7kn8vcc9cd6cg,False,True,36.0036,-78.93817,1,1,1,1,4,1,8143,5,6,6,6,6,82,81432039074,8.3,2022-12-22T16:30:59Z,0.54
c4257c0qi9clu8nikfgg,c50fv8u7kn8vcc9cd6cg,False,True,36.0036,-78.93817,1,1,1,1,4,1,8143,8,9,9,9,9,82,81432039074,8.3,2022-12-22T16:45:59Z,0.62
c4257c0qi9clu8nikfgg,c50fv8u7kn8vcc9cd6cg,False,True,36.0036,-78.93817,1,1,1,1,4,1,8143,7,9,9,9,9,82,81432039074,8.1,2022-12-22T17:00:59Z,0.68
c4257c0qi9clu8nikfgg,c50fv8u7kn8vcc9cd6cg,False,True,36.0036,-78.93817,1,1,1,1,4,1,8143,5,5,5,5,5,83,81432039074,7.8,2022-12-22T17:15:59Z,0.59
c4257c0qi9clu8nikfgg,c50fv8u7kn8vcc9cd6cg,False,True,36.0036,-78.93817,0,0,0,0,0,0,8143,3,4,4,4,4,84,81432039074,7.3,2022-12-22T17:30:59Z,0.57
c4257c0qi9clu8nikfgg,c50fv8u7kn8vcc9cd6cg,False,True,36.0036,-78.93817,0,0,0,0,0,0,8143,4,4,4,4,4,83,81432039074,7.9,2022-12-22T17:45:59Z,0.55
c4257c0qi9clu8nikfgg,c50fv8u7kn8vcc9cd6cg,False,True,36.0036,-78.93817,1,1,1,1,4,1,8143,5,5,5,5,5,81,81432039074,8.1,2022-12-22T18:00:59Z,0.56
c4257c0qi9clu8nikfgg,c50fv8u7kn8vcc9cd6cg,False,True,36.0036,-78.93817,1,1,0,0,0,1,8143,4,5,4,5,5,80,81432039074,8.5,2022-12-22T18:15:59Z,0.61
c4257c0qi9clu8nikfgg,c50fv8u7kn8vcc9cd6cg,False,True,36.0036,-78.93817,0,0,0,0,0,0,8143,4,4,4,4,4,80,81432039074,8.1,2022-12-22T18:30:59Z,0.56
c4257c0qi9clu8nikfgg,c50fv8u7kn8vcc9cd6cg,False,True,36.0036,-78.93817,0,0,0,0,0,0,8143,3,4,4,4,4,81,81432039074,8.0,2022-12-22T18:45:59Z,0.55
c4257c0qi9clu8nikfgg,c50fv8u7kn8vcc9cd6cg,False,True,36.0036,-78.93817,0,0,0,0,0,0,8143,3,4,4,4,4,81,81432039074,7.9,2022-12-22T19:00:59Z,0.51
c4257c0qi9clu8nikfgg,c50fv8u7kn8vcc9cd6cg,False,True,36.0036,-78.93817,0,0,0,0,0,0,8143,3,4,4,4,4,82,81432039074,7.5,2022-12-22T19:15:59Z,0.49
c4257c0qi9clu8nikfgg,c50fv8u7kn8vcc9cd6cg,False,True,36.0036,-78.93817,0,0,0,0,0,0,8143,3,4,4,4,4,83,81432039074,6.9,2022-12-22T19:30:59Z,0.5
c4257c0qi9clu8nikfgg,c50fv8u7kn8vcc9cd6cg,False,True,36.0036,-78.93817,0,0,0,0,0,0,8143,3,3,3,3,3,82,81432039074,6.9,2022-12-22T19:45:59Z,0.51
c4257c0qi9clu8nikfgg,c50fv8u7kn8vcc9cd6cg,False,True,36.0036,-78.93817,0,0,0,0,0,0,8143,2,3,3,3,3,82,81432039074,6.6,2022-12-22T20:00:59Z,0.51
c4257c0qi9clu8nikfgg,c50fv8u7kn8vcc9cd6cg,False,True,36.0036,-78.93817,0,0,0,0,0,0,8143,2,3,3,3,3,83,81432039074,6.3,2022-12-22T20:15:59Z,0.51
c4257c0qi9clu8nikfgg,c50fv8u7kn8vcc9cd6cg,False,True,36.0036,-78.93817,0,0,0,0,0,0,8143,2,2,2,2,2,85,81432039074,6.2,2022-12-22T20:30:59Z,0.53
c4257c0qi9clu8nikfgg,c50fv8u7kn8vcc9cd6cg,False,True,36.0036,-78.93817,0,0,0,0,0,0,8143,2,2,2,2,2,85,81432039074,6.3,2022-12-22T20:45:59Z,0.56
c4257c0qi9clu8nikfgg,c50fv8u7kn8vcc9cd6cg,False,True,36.0036,-78.93817,0,0,0,0,0,0,8143,1,1,1,1,1,85,81432039074,6.4,2022-12-22T21:00:59Z,0.57
c4257c0qi9clu8nikfgg,c50fv8u7kn8vcc9cd6cg,False,True,36.0036,-78.93817,0,0,0,0,0,0,8143,1,1,1,1,1,85,81432039074,6.5,2022-12-22T21:15:59Z,0.56
c4257c0qi9clu8nikfgg,c50fv8u7kn8vcc9cd6cg,False,True,36.0036,-78.93817,0,0,0,0,0,0,8143,2,2,2,2,2,85,81432039074,6.8,2022-12-22T21:30:59Z,0.58
c4257c0qi9clu8nikfgg,c50fv8u7kn8vcc9cd6cg,False,True,36.0036,-78.93817,0,0,0,0,0,0,8143,2,2,2,2,2,85,81432039074,6.9,2022-12-22T21:45:59Z,0.6
c4257c0qi9clu8nikfgg,c50fv8u7kn8vcc9cd6cg,False,True,36.0036,-78.93817,0,0,0,0,0,0,8143,2,2,2,2,2,85,81432039074,6.8,2022-12-22T22:00:59Z,0.59
c4257c0qi9clu8nikfgg,c50fv8u7kn8vcc9cd6cg,False,True,36.0036,-78.93817,0,0,0,0,0,0,8143,2,2,2,2,2,85,81432039074,6.9,2022-12-22T22:15:59Z,0.58
c4257c0qi9clu8nikfgg,c50fv8u7kn8vcc9cd6cg,False,True,36.0036,-78.93817,0,0,0,0,0,0,8143,2,2,2,2,2,82,81432039074,7.6,2022-12-22T22:30:59Z,0.57
c4257c0qi9clu8nikfgg,c50fv8u7kn8vcc9cd6cg,False,True,36.0036,-78.93817,0,0,0,0,0,0,8143,3,4,4,4,4,81,81432039074,7.8,2022-12-22T22:45:59Z,0.56
c4257c0qi9clu8nikfgg,c50fv8u7kn8vcc9cd6cg,False,True,36.0036,-78.93817,0,0,0,0,0,0,8143,3,3,3,3,3,79,81432039074,8.4,2022-12-22T23:00:59Z,0.58
c4257c0qi9clu8nikfgg,c50fv8u7kn8vcc9cd6cg,False,True,36.0036,-78.93817,0,0,0,0,0,0,8143,2,3,3,3,3,77,81432039074,9.1,2022-12-22T23:15:59Z,0.58
c4257c0qi9clu8nikfgg,c50fv8u7kn8vcc9cd6cg,False,True,36.0036,-78.93817,0,0,0,0,0,0,8143,4,4,4,4,4,77,81432039074,9.0,2022-12-22T23:30:59Z,0.53
c4257c0qi9clu8nikfgg,c50fv8u7kn8vcc9cd6cg,False,True,36.0036,-78.93817,0,0,0,0,0,0,8143,4,4,4,4,4,78,81432039074,8.7,2022-12-22T23:45:59Z,0.52
c4257c0qi9clu8nikfgg,c50fv8u7kn8vcc9cd6cg,False,True,36.0036,-78.93817,0,0,0,0,0,0,8143,3,4,4,4,4,80,81432039074,8.3,2022-12-23T00:00:59Z,0.55
c4257c0qi9clu8nikfgg,c50fv8u7kn8vcc9cd6cg,False,True,36.0036,-78.93817,1,1,1,1,4,1,8143,5,6,6,6,6,81,81432039074,8.0,2022-12-23T00:15:59Z,0.51
c4257c0qi9clu8nikfgg,c50fv8u7kn8vcc9cd6cg,False,True,36.0036,-78.93817,1,1,1,1,4,1,8143,7,8,8,8,8,82,81432039074,7.9,2022-12-23T00:30:59Z,0.49
c4257c0qi9clu8nikfgg,c50fv8u7kn8vcc9cd6cg,False,True,36.0036,-78.93817,1,1,1,1,4,1,8143,8,10,10,10,10,83,81432039074,7.8,2022-12-23T00:45:59Z,0.5
c4257c0qi9clu8nikfgg,c50fv8u7kn8vcc9cd6cg,False,True,36.0036,-78.93817,1,1,1,1,4,1,8143,9,11,11,11,11,82,81432039074,8.1,2022-12-23T01:00:59Z,0.5
c4257c0qi9clu8nikfgg,c50fv8u7kn8vcc9cd6cg,False,True,36.0036,-78.93817,1,1,1,1,4,1,8143,10,12,12,12,12,82,81432039074,8.2,2022-12-23T01:15:59Z,0.48
c4257c0qi9clu8nikfgg,c50fv8u7kn8vcc9cd6cg,False,True,36.0036,-78.93817,2,2,2,2,8,2,8143,14,16,16,16,16,83,81432039074,8.1,2022-12-23T01:30:59Z,0.48
c4257c0qi9clu8nikfgg,c50fv8u7kn8vcc9cd6cg,False,True,36.0036,-78.93817,2,2,2,2,8,2,8143,20,23,23,23,23,82,81432039074,8.3,2022-12-23T01:45:59Z,0.52
c4257c0qi9clu8nikfgg,c50fv8u7kn8vcc9cd6cg,False,True,36.0036,-78.93817,3,3,3,3,13,3,8143,23,28,28,28,28,83,81432039074,8.2,2022-12-23T02:00:59Z,0.55
c4257c0qi9clu8nikfgg,c50fv8u7kn8vcc9cd6cg,False,True,36.0036,-78.93817,3,3,3,3,13,3,8143,25,30,29,30,30,83,81432039074,8.2,2022-12-23T02:15:59Z,0.55
c4257c0qi9clu8nikfgg,c50fv8u7kn8vcc9cd6cg,False,True,36.0036,-78.93817,3,3,3,3,13,3,8143,25,29,29,29,29,83,81432039074,8.2,2022-12-23T02:30:59Z,0.56
c4257c0qi9clu8nikfgg,c50fv8u7kn8vcc9cd6cg,False,True,36.0036,-78.93817,3,3,3,3,13,3,8143,22,26,25,26,26,83,81432039074,8.5,2022-12-23T02:45:59Z,0.55
c4257c0qi9clu8nikfgg,c50fv8u7kn8vcc9cd6cg,False,True,36.0036,-78.93817,3,3,3,3,13,3,8143,25,30,30,30,30,83,81432039074,8.5,2022-12-23T03:00:59Z,0.56
c4257c0qi9clu8nikfgg,c50fv8u7kn8vcc9cd6cg,False,True,36.0036,-78.93817,4,4,3,4,17,4,8143,29,34,34,34,34,83,81432039074,8.5,2022-12-23T03:15:59Z,0.57
c4257c0qi9clu8nikfgg,c50fv8u7kn8vcc9cd6cg,False,True,36.0036,-78.93817,3,3,3,3,13,3,8143,25,29,29,29,29,83,81432039074,8.5,2022-12-23T03:30:59Z,0.59
c4257c0qi9clu8nikfgg,c50fv8u7kn8vcc9cd6cg,False,True,36.0036,-78.93817,3,3,3,3,13,3,8143,22,26,26,26,26,82,81432039074,8.8,2022-12-23T03:45:59Z,0.58
c4257c0qi9clu8nikfgg,c50fv8u7kn8vcc9cd6cg,False,True,36.0036,-78.93817,3,3,3,3,13,3,8143,24,28,28,28,28,82,81432039074,8.9,2022-12-23T04:00:59Z,0.56
c4257c0qi9clu8nikfgg,c50fv8u7kn8vcc9cd6cg,False,True,36.0036,-78.93817,3,3,3,3,13,3,8143,27,32,32,32,32,81,81432039074,8.9,2022-12-23T04:15:59Z,0.55
c4257c0qi9clu8nikfgg,c50fv8u7kn8vcc9cd6cg,False,True,36.0036,-78.93817,3,3,3,3,13,3,8143,23,27,26,27,27,80,81432039074,9.0,2022-12-23T04:30:59Z,0.55
c4257c0qi9clu8nikfgg,c50fv8u7kn8vcc9cd6cg,False,True,36.0036,-78.93817,3,3,3,3,13,3,8143,24,28,28,28,28,80,81432039074,9.0,2022-12-23T04:45:59Z,0.54
c4257c0qi9clu8nikfgg,c50fv8u7kn8vcc9cd6cg,False,True,36.0036,-78.93817,3,3,3,3,13,3,8143,28,33,33,33,33,79,81432039074,9.4,2022-12-23T05:00:59Z,0.58
c4257c0qi9clu8nikfgg,c50fv8u7kn8vcc9cd6cg,False,True,36.0036,-78.93817,4,4,4,4,17,4,8143,32,38,37,38,38,80,81432039074,9.1,2022-12-23T05:15:59Z,0.57
c4257c0qi9clu8nikfgg,c50fv8u7kn8vcc9cd6cg,False,True,36.0036,-78.93817,5,5,4,4,17,4,8143,36,43,43,43,43,80,81432039074,9.2,2022-12-23T05:30:59Z,0.59
c4257c0qi9clu8nikfgg,c50fv8u7kn8vcc9cd6cg,False,True,36.0036,-78.93817,5,5,5,5,21,5,8143,40,47,47,47,47,80,81432039074,9.1,2022-12-23T05:45:59Z,0.58
c4257c0qi9clu8nikfgg,c50fv8u7kn8vcc9cd6cg,False,True,36.0036,-78.93817,5,5,5,5,21,5,8143,43,51,51,51,51,81,81432039074,9.1,2022-12-23T06:00:59Z,0.62
c4257c0qi9clu8nikfgg,c50fv8u7kn8vcc9cd6cg,False,True,36.0036,-78.93817,6,6,5,6,25,6,8143,44,52,52,52,52,82,81432039074,8.7,2022-12-23T06:15:59Z,0.67
c4257c0qi9clu8nikfgg,c50fv8u7kn8vcc9cd6cg,False,True,36.0036,-78.93817,6,6,5,6,25,6,8143,42,51,50,51,51,83,81432039074,8.5,2022-12-23T06:30:59Z,0.72
c4257c0qi9clu8nikfgg,c50fv8u7kn8vcc9cd6cg,False,True,36.0036,-78.93817,5,5,5,5,21,5,8143,40,48,47,48,48,83,81432039074,8.6,2022-12-23T06:45:59Z,0.67
c4257c0qi9clu8nikfgg,c50fv8u7kn8vcc9cd6cg,False,True,36.0036,-78.93817,6,6,5,5,21,6,8143,40,49,48,49,49,84,81432039074,8.5,2022-12-23T07:00:59Z,0.71
c4257c0qi9clu8nikfgg,c50fv8u7kn8vcc9cd6cg,False,True,36.0036,-78.93817,6,6,5,5,21,6,8143,38,46,45,46,46,85,81432039074,8.3,2022-12-23T07:15:59Z,0.73
c4257c0qi9clu8nikfgg,c50fv8u7kn8vcc9cd6cg,False,True,36.0036,-78.93817,5,5,4,5,21,5,8143,36,44,43,44,44,85,81432039074,8.5,2022-12-23T07:30:59Z,0.71
c4257c0qi9clu8nikfgg,c50fv8u7kn8vcc9cd6cg,False,True,36.0036,-78.93817,4,4,3,4,17,4,8143,30,36,35,36,36,85,81432039074,8.6,2022-12-23T07:45:59Z,0.68
c4257c0qi9clu8nikfgg,c50fv8u7kn8vcc9cd6cg,False,True,36.0036,-78.93817,3,3,3,3,13,3,8143,23,28,27,28,28,85,81432039074,8.6,2022-12-23T08:00:59Z,0.64
c4257c0qi9clu8nikfgg,c50fv8u7kn8vcc9cd6cg,False,True,36.0036,-78.93817,2,2,2,2,8,2,8143,17,20,20,20,20,85,81432039074,8.7,2022-12-23T08:15:59Z,0.59
c4257c0qi9clu8nikfgg,c50fv8u7kn8vcc9cd6cg,False,True,36.0036,-78.93817,2,2,2,2,8,2,8143,17,21,20,21,21,85,81432039074,8.7,2022-12-23T08:30:59Z,0.62
c4257c0qi9clu8nikfgg,c50fv8u7kn8vcc9cd6cg,False,True,36.0036,-78.93817,3,3,3,3,13,3,8143,22,26,26,26,26,85,81432039074,8.7,2022-12-23T08:45:59Z,0.65
c4257c0qi9clu8nikfgg,c50fv8u7kn8vcc9cd6cg,False,True,36.0036,-78.93817,3,3,3,3,13,3,8143,25,30,30,30,30,85,81432039074,8.9,2022-12-23T09:00:59Z,0.69
c4257c0qi9clu8nikfgg,c50fv8u7kn8vcc9cd6cg,False,True,36.0036,-78.93817,4,4,3,4,17,4,8143,28,34,33,34,34,85,81432039074,9.0,2022-12-23T09:15:59Z,0.7
c4257c0qi9clu8nikfgg,c50fv8u7kn8vcc9cd6cg,False,True,36.0036,-78.93817,4,4,4,4,17,4,8143,30,36,35,35,36,84,81432039074,9.4,2022-12-23T09:30:59Z,0.7
c4257c0qi9clu8nikfgg,c50fv8u7kn8vcc9cd6cg,False,True,36.0036,-78.93817,5,5,4,4,17,5,8143,33,39,39,39,39,84,81432039074,9.6,2022-12-23T09:45:59Z,0.7
c4257c0qi9clu8nikfgg,c50fv8u7kn8vcc9cd6cg,False,True,36.0036,-78.93817,5,5,4,4,17,5,8143,34,41,40,40,41,83,81432039074,9.9,2022-12-23T10:00:59Z,0.67
c4257c0qi9clu8nikfgg,c50fv8u7kn8vcc9cd6cg,False,True,36.0036,-78.93817,4,4,4,4,17,4,8143,31,38,37,38,38,83,81432039074,10.0,2022-12-23T10:15:59Z,0.67
c4257c0qi9clu8nikfgg,c50fv8u7kn8vcc9cd6cg,False,True,36.0036,-78.93817,4,4,3,4,17,4,8143,28,33,33,33,33,83,81432039074,10.1,2022-12-23T10:30:59Z,0.69
c4257c0qi9clu8nikfgg,c50fv8u7kn8vcc9cd6cg,False,True,36.0036,-78.93817,3,3,3,3,13,3,8143,25,30,30,30,30,83,81432039074,10.2,2022-12-23T10:45:59Z,0.63
c4257c0qi9clu8nikfgg,c50fv8u7kn8vcc9cd6cg,False,True,36.0036,-78.93817,3,3,2,3,13,3,8143,21,25,25,25,25,83,81432039074,10.3,2022-12-23T11:00:59Z,0.62
c4257c0qi9clu8nikfgg,c50fv8u7kn8vcc9cd6cg,False,True,36.0036,-78.93817,2,2,2,2,8,2,8143,17,20,20,20,20,83,81432039074,10.3,2022-12-23T11:15:59Z,0.61
c4257c0qi9clu8nikfgg,c50fv8u7kn8vcc9cd6cg,False,True,36.0036,-78.93817,1,1,1,1,4,1,8143,11,13,13,13,13,83,81432039074,10.3,2022-12-23T11:30:59Z,0.6
c4257c0qi9clu8nikfgg,c50fv8u7kn8vcc9cd6cg,False,True,36.0036,-78.93817,1,1,1,1,4,1,8143,11,13,13,13,13,81,81432039074,10.2,2022-12-23T11:45:59Z,0.57
c4257c0qi9clu8nikfgg,c50fv8u7kn8vcc9cd6cg,False,True,36.0036,-78.93817,1,1,1,1,4,1,8143,10,12,12,12,12,78,81432039074,10.3,2022-12-23T12:00:59Z,0.56
c4257c0qi9clu8nikfgg,c50fv8u7kn8vcc9cd6cg,False,True,36.0036,-78.93817,1,1,1,1,4,1,8143,8,10,10,10,10,74,81432039074,10.5,2022-12-23T12:15:59Z,0.57
c4257c0qi9clu8nikfgg,c50fv8u7kn8vcc9cd6cg,False,True,36.0036,-78.93817,1,1,1,1,4,1,8143,7,8,8,8,8,71,81432039074,10.6,2022-12-23T12:30:59Z,0.56
c4257c0qi9clu8nikfgg,c50fv8u7kn8vcc9cd6cg,False,True,36.0036,-78.93817,0,0,0,0,0,0,8143,3,3,3,3,3,68,81432039074,9.5,2022-12-23T12:45:59Z,0.55
c4257c0qi9clu8nikfgg,c50fv8u7kn8vcc9cd6cg,False,True,36.0036,-78.93817,0,0,0,0,0,0,8143,2,3,3,3,3,78,81432039074,6.3,2022-12-23T13:00:59Z,0.56
c4257c0qi9clu8nikfgg,c50fv8u7kn8vcc9cd6cg,False,True,36.0036,-78.93817,0,0,0,0,0,0,8143,3,4,4,4,4,79,81432039074,5.3,2022-12-23T13:15:59Z,0.56
c4257c0qi9clu8nikfgg,c50fv8u7kn8vcc9cd6cg,False,True,36.0036,-78.93817,1,1,1,1,4,1,8143,5,6,6,6,6,67,81432039074,4.2,2022-12-23T13:30:59Z,0.55
c4257c0qi9clu8nikfgg,c50fv8u7kn8vcc9cd6cg,False,True,36.0036,-78.93817,1,1,1,1,4,1,8143,5,6,6,6,6,53,81432039074,5.4,2022-12-23T13:45:59Z,0.53
c4257c0qi9clu8nikfgg,c50fv8u7kn8vcc9cd6cg,False,True,36.0036,-78.93817,1,1,1,1,4,1,8143,6,7,7,7,7,45,81432039074,6.3,2022-12-23T14:00:59Z,0.53
c4257c0qi9clu8nikfgg,c50fv8u7kn8vcc9cd6cg,False,True,36.0036,-78.93817,1,1,1,1,4,1,8143,7,8,8,8,8,41,81432039074,5.4,2022-12-23T14:15:59Z,0.54
c4257c0qi9clu8nikfgg,c50fv8u7kn8vcc9cd6cg,False,True,36.0036,-78.93817,1,1,1,1,4,1,8143,8,9,9,9,9,38,81432039074,3.5,2022-12-23T14:30:59Z,0.58
c4257c0qi9clu8nikfgg,c50fv8u7kn8vcc9cd6cg,False,True,36.0036,-78.93817,1,1,1,1,4,1,8143,8,9,9,9,9,35,81432039074,2.7,2022-12-23T14:45:59Z,0.6
c4257c0qi9clu8nikfgg,c50fv8u7kn8vcc9cd6cg,False,True,36.0036,-78.93817,1,1,1,1,4,1,8143,7,8,8,8,8,32,81432039074,2.5,2022-12-23T15:00:59Z,0.6
c4257c0qi9clu8nikfgg,c50fv8u7kn8vcc9cd6cg,False,True,36.0036,-78.93817,1,1,1,1,4,1,8143,7,9,8,9,9,32,81432039074,2.0,2022-12-23T15:15:59Z,0.61
c4257c0qi9clu8nikfgg,c50fv8u7kn8vcc9cd6cg,False,True,36.0036,-78.93817,1,1,1,1,4,1,8143,7,9,9,9,9,33,81432039074,1.8,2022-12-23T15:30:59Z,0.6
c4257c0qi9clu8nikfgg,c50fv8u7kn8vcc9cd6cg,False,True,36.0036,-78.93817,1,1,1,1,4,1,8143,7,9,9,9,9,28,81432039074,1.4,2022-12-23T15:45:59Z,0.59
c4257c0qi9clu8nikfgg,c50fv8u7kn8vcc9cd6cg,False,True,36.0036,-78.93817,1,1,1,1,4,1,8143,8,9,9,9,9,28,81432039074,1.0,2022-12-23T16:00:59Z,0.63
c4257c0qi9clu8nikfgg,c50fv8u7kn8vcc9cd6cg,False,True,36.0036,-78.93817,1,1,1,1,4,1,8143,9,10,10,10,10,30,81432039074,1.0,2022-12-23T16:15:59Z,0.63
c4257c0qi9clu8nikfgg,c50fv8u7kn8vcc9cd6cg,False,True,36.0036,-78.93817,1,1,1,1,4,1,8143,10,11,11,11,11,31,81432039074,1.0,2022-12-23T16:30:59Z,0.64
c4257c0qi9clu8nikfgg,c50fv8u7kn8vcc9cd6cg,False,True,36.0036,-78.93817,1,1,1,1,4,1,8143,10,12,12,12,12,32,81432039074,1.1,2022-12-23T16:45:59Z,0.62
c4257c0qi9clu8nikfgg,c50fv8u7kn8vcc9cd6cg,False,True,36.0036,-78.93817,1,1,1,1,4,1,8143,11,13,13,13,13,33,81432039074,1.6,2022-12-23T17:00:59Z,0.61
c4257c0qi9clu8nikfgg,c50fv8u7kn8vcc9cd6cg,False,True,36.0036,-78.93817,1,1,1,1,4,1,8143,12,14,14,14,14,32,81432039074,1.6,2022-12-23T17:15:59Z,0.61
c4257c0qi9clu8nikfgg,c50fv8u7kn8vcc9cd6cg,False,True,36.0036,-78.93817,1,1,1,1,4,1,8143,12,15,14,15,15,26,81432039074,4.3,2022-12-23T17:30:59Z,0.63
c4257c0qi9clu8nikfgg,c50fv8u7kn8vcc9cd6cg,False,True,36.0036,-78.93817,2,2,1,1,4,2,8143,13,15,15,15,15,23,81432039074,5.8,2022-12-23T17:45:59Z,0.62
c4257c0qi9clu8nikfgg,c50fv8u7kn8vcc9cd6cg,False,True,36.0036,-78.93817,1,1,1,1,4,1,8143,10,12,12,12,12,19,81432039074,5.7,2022-12-23T18:00:59Z,0.6
c4257c0qi9clu8nikfgg,c50fv8u7kn8vcc9cd6cg,False,True,36.0036,-78.93817,1,1,1,1,4,1,8143,10,12,12,12,12,19,81432039074,5.0,2022-12-23T18:15:59Z,0.58
c4257c0qi9clu8nikfgg,c50fv8u7kn8vcc9cd6cg,False,True,36.0036,-78.93817,1,1,1,1,4,1,8143,10,12,12,12,12,19,81432039074,4.8,2022-12-23T18:30:59Z,0.57
c4257c0qi9clu8nikfgg,c50fv8u7kn8vcc9cd6cg,False,True,36.0036,-78.93817,1,1,1,1,4,1,8143,12,14,14,14,14,20,81432039074,5.6,2022-12-23T18:45:59Z,0.58
c4257c0qi9clu8nikfgg,c50fv8u7kn8vcc9cd6cg,False,True,36.0036,-78.93817,1,1,1,1,4,1,8143,12,14,14,14,14,19,81432039074,6.4,2022-12-23T19:00:59Z,0.59
c4257c0qi9clu8nikfgg,c50fv8u7kn8vcc9cd6cg,False,True,36.0036,-78.93817,1,1,1,1,4,1,8143,12,15,15,15,15,19,81432039074,5.7,2022-12-23T19:15:59Z,0.59
c4257c0qi9clu8nikfgg,c50fv8u7kn8vcc9cd6cg,False,True,36.0036,-78.93817,1,1,1,1,4,1,8143,12,14,14,14,14,19,81432039074,4.8,2022-12-23T19:30:59Z,0.61
c4257c0qi9clu8nikfgg,c50fv8u7kn8vcc9cd6cg,False,True,36.0036,-78.93817,1,1,1,1,4,1,8143,13,15,15,15,15,21,81432039074,3.5,2022-12-23T19:45:59Z,0.58
c4257c0qi9clu8nikfgg,c50fv8u7kn8vcc9cd6cg,False,True,36.0036,-78.93817,1,1,1,1,4,1,8143,12,14,14,14,14,21,81432039074,3.7,2022-12-23T20:00:59Z,0.59
c4257c0qi9clu8nikfgg,c50fv8u7kn8vcc9cd6cg,False,True,36.0036,-78.93817,1,1,1,1,4,1,8143,12,14,14,14,14,22,81432039074,2.9,2022-12-23T20:15:59Z,0.59
c4257c0qi9clu8nikfgg,c50fv8u7kn8vcc9cd6cg,False,True,36.0036,-78.93817,1,1,1,1,4,1,8143,11,13,13,13,13,21,81432039074,2.4,2022-12-23T20:30:59Z,0.61
c4257c0qi9clu8nikfgg,c50fv8u7kn8vcc9cd6cg,False,True,36.0036,-78.93817,1,1,1,1,4,1,8143,10,12,12,12,12,23,81432039074,1.0,2022-12-23T20:45:59Z,0.65
c4257c0qi9clu8nikfgg,c50fv8u7kn8vcc9cd6cg,False,True,36.0036,-78.93817,1,1,1,1,4,1,8143,10,12,12,12,12,22,81432039074,1.5,2022-12-23T21:00:59Z,0.64
c4257c0qi9clu8nikfgg,c50fv8u7kn8vcc9cd6cg,False,True,36.0036,-78.93817,1,1,1,1,4,1,8143,10,11,11,11,11,23,81432039074,1.6,2022-12-23T21:15:59Z,0.62
c4257c0qi9clu8nikfgg,c50fv8u7kn8vcc9cd6cg,False,True,36.0036,-78.93817,1,1,1,1,4,1,8143,10,12,12,12,12,24,81432039074,0.8,2022-12-23T21:30:59Z,0.64
c4257c0qi9clu8nikfgg,c50fv8u7kn8vcc9cd6cg,False,True,36.0036,-78.93817,1,1,1,1,4,1,8143,10,12,12,12,12,27,81432039074,-1.5,2022-12-23T21:45:59Z,0.65
c4257c0qi9clu8nikfgg,c50fv8u7kn8vcc9cd6cg,False,True,36.0036,-78.93817,1,1,1,1,4,1,8143,10,12,12,12,12,29,81432039074,-3.3,2022-12-23T22:00:59Z,0.66
c4257c0qi9clu8nikfgg,c50fv8u7kn8vcc9cd6cg,False,True,36.0036,-78.93817,1,1,1,1,4,1,8143,10,12,12,12,12,30,81432039074,-3.9,2022-12-23T22:15:59Z,0.65
c4257c0qi9clu8nikfgg,c50fv8u7kn8vcc9cd6cg,False,True,36.0036,-78.93817,1,1,1,1,4,1,8143,10,12,12,12,12,30,81432039074,-4.3,2022-12-23T22:30:59Z,0.62
c4257c0qi9clu8nikfgg,c50fv8u7kn8vcc9cd6cg,False,True,36.0036,-78.93817,1,1,1,1,4,1,8143,11,13,13,13,13,31,81432039074,-4.5,2022-12-23T22:45:59Z,0.64
c4257c0qi9clu8nikfgg,c50fv8u7kn8vcc9cd6cg,False,True,36.0036,-78.93817,1,1,1,1,4,1,8143,11,13,12,13,13,32,81432039074,-4.6,2022-12-23T23:00:59Z,0.64
c4257c0qi9clu8nikfgg,c50fv8u7kn8vcc9cd6cg,False,True,36.0036,-78.93817,1,1,1,1,4,1,8143,11,13,12,13,13,32,81432039074,-4.9,2022-12-23T23:15:59Z,0.62
c4257c0qi9clu8nikfgg,c50fv8u7kn8vcc9cd6cg,False,True,36.0036,-78.93817,1,1,1,1,4,1,8143,11,13,13,13,13,32,81432039074,-5.1,2022-12-23T23:30:59Z,0.64
c4257c0qi9clu8nikfgg,c50fv8u7kn8vcc9cd6cg,False,True,36.0036,-78.93817,1,1,1,1,4,1,8143,11,13,13,13,13,32,81432039074,-5.3,2022-12-23T23:45:59Z,0.65
c4257c0qi9clu8nikfgg,c50fv8u7kn8vcc9cd6cg,False,True,36.0036,-78.93817,1,1,1,1,4,1,8143,11,13,13,13,13,32,81432039074,-5.5,2022-12-24T00:00:59Z,0.64
c4257c0qi9clu8nikfgg,c50fv8u7kn8vcc9cd6cg,False,True,36.0036,-78.93817,1,1,1,1,4,1,8143,10,12,12,12,12,33,81432039074,-5.6,2022-12-24T00:15:59Z,0.64
c4257c0qi9clu8nikfgg,c50fv8u7kn8vcc9cd6cg,False,True,36.0036,-78.93817,1,1,1,1,4,1,8143,10,12,12,12,12,32,81432039074,-5.8,2022-12-24T00:30:59Z,0.67
c4257c0qi9clu8nikfgg,c50fv8u7kn8vcc9cd6cg,False,True,36.0036,-78.93817,1,1,1,1,4,1,8143,9,11,11,11,11,32,81432039074,-6.0,2022-12-24T00:45:59Z,0.67
c4257c0qi9clu8nikfgg,c50fv8u7kn8vcc9cd6cg,False,True,36.0036,-78.93817,1,1,1,1,4,1,8143,9,11,11,11,11,32,81432039074,-6.2,2022-12-24T01:00:59Z,0.62
c4257c0qi9clu8nikfgg,c50fv8u7kn8vcc9cd6cg,False,True,36.0036,-78.93817,1,1,1,1,4,1,8143,9,11,10,11,11,32,81432039074,-6.3,2022-12-24T01:15:59Z,0.64
c4257c0qi9clu8nikfgg,c50fv8u7kn8vcc9cd6cg,False,True,36.0036,-78.93817,1,1,1,1,4,1,8143,8,10,10,10,10,32,81432039074,-6.4,2022-12-24T01:30:59Z,0.66
c4257c0qi9clu8nikfgg,c50fv8u7kn8vcc9cd6cg,False,True,36.0036,-78.93817,1,1,1,1,4,1,8143,8,9,9,9,9,32,81432039074,-6.6,2022-12-24T01:45:59Z,0.64
c4257c0qi9clu8nikfgg,c50fv8u7kn8vcc9cd6cg,False,True,36.0036,-78.93817,1,1,1,1,4,1,8143,8,9,9,9,9,33,81432039074,-6.7,2022-12-24T02:00:59Z,0.64
c4257c0qi9clu8nikfgg,c50fv8u7kn8vcc9cd6cg,False,True,36.0036,-78.93817,1,1,1,1,4,1,8143,8,9,9,9,9,34,81432039074,-6.8,2022-12-24T02:15:59Z,0.64
c4257c0qi9clu8nikfgg,c50fv8u7kn8vcc9cd6cg,False,True,36.0036,-78.93817,1,1,1,1,4,1,8143,7,9,9,9,9,33,81432039074,-7.0,2022-12-24T02:30:59Z,0.62
c4257c0qi9clu8nikfgg,c50fv8u7kn8vcc9cd6cg,False,True,36.0036,-78.93817,1,1,1,1,4,1,8143,7,8,8,8,8,34,81432039074,-7.1,2022-12-24T02:45:59Z,0.61
c4257c0qi9clu8nikfgg,c50fv8u7kn8vcc9cd6cg,False,True,36.0036,-78.93817,1,1,1,1,4,1,8143,8,10,10,10,10,34,81432039074,-7.2,2022-12-24T03:00:59Z,0.63
c4257c0qi9clu8nikfgg,c50fv8u7kn8vcc9cd6cg,False,True,36.0036,-78.93817,1,1,1,1,4,1,8143,8,10,10,10,10,35,81432039074,-7.3,2022-12-24T03:15:59Z,0.65
c4257c0qi9clu8nikfgg,c50fv8u7kn8vcc9cd6cg,False,True,36.0036,-78.93817,1,1,1,1,4,1,8143,8,9,9,9,9,35,81432039074,-7.5,2022-12-24T03:30:59Z,0.63
c4257c0qi9clu8nikfgg,c50fv8u7kn8vcc9cd6cg,False,True,36.0036,-78.93817,1,1,1,1,4,1,8143,9,10,10,10,10,35,81432039074,-7.6,2022-12-24T03:45:59Z,0.65
c4257c0qi9clu8nikfgg,c50fv8u7kn8vcc9cd6cg,False,True,36.0036,-78.93817,1,1,1,1,4,1,8143,9,10,10,10,10,35,81432039074,-7.7,2022-12-24T04:00:59Z,0.62
c4257c0qi9clu8nikfgg,c50fv8u7kn8vcc9cd6cg,False,True,36.0036,-78.93817,1,1,1,1,4,1,8143,9,10,10,10,10,35,81432039074,-7.8,2022-12-24T04:15:59Z,0.67
c4257c0qi9clu8nikfgg,c50fv8u7kn8vcc9cd6cg,False,True,36.0036,-78.93817,1,1,1,1,4,1,8143,10,12,11,12,12,36,81432039074,-7.9,2022-12-24T04:30:59Z,0.65
c4257c0qi9clu8nikfgg,c50fv8u7kn8vcc9cd6cg,False,True,36.0036,-78.93817,1,1,1,1,4,1,8143,10,12,11,12,12,36,81432039074,-8.0,2022-12-24T04:45:59Z,0.66
c4257c0qi9clu8nikfgg,c50fv8u7kn8vcc9cd6cg,False,True,36.0036,-78.93817,1,1,1,1,4,1,8143,10,12,12,12,12,37,81432039074,-8.1,2022-12-24T05:00:59Z,0.65
c4257c0qi9clu8nikfgg,c50fv8u7kn8vcc9cd6cg,False,True,36.0036,-78.93817,1,1,1,1,4,1,8143,11,13,13,13,13,37,81432039074,-8.1,2022-12-24T05:15:59Z,0.68
c4257c0qi9clu8nikfgg,c50fv8u7kn8vcc9cd6cg,False,True,36.0036,-78.93817,1,1,1,1,4,1,8143,12,14,14,14,14,38,81432039074,-8.2,2022-12-24T05:30:59Z,0.66
c4257c0qi9clu8nikfgg,c50fv8u7kn8vcc9cd6cg,False,True,36.0036,-78.93817,1,1,1,1,4,1,8143,12,14,14,14,14,39,81432039074,-8.3,2022-12-24T05:45:59Z,0.65
c4257c0qi9clu8nikfgg,c50fv8u7kn8vcc9cd6cg,False,True,36.0036,-78.93817,1,1,1,1,4,1,8143,12,15,15,15,15,38,81432039074,-8.4,2022-12-24T06:00:59Z,0.68
c4257c0qi9clu8nikfgg,c50fv8u7kn8vcc9cd6cg,False,True,36.0036,-78.93817,2,2,1,1,4,2,8143,13,16,15,16,16,39,81432039074,-8.5,2022-12-24T06:15:59Z,0.66
c4257c0qi9clu8nikfgg,c50fv8u7kn8vcc9cd6cg,False,True,36.0036,-78.93817,2,2,1,1,4,2,8143,13,16,16,16,16,38,81432039074,-8.7,2022-12-24T06:30:59Z,0.67
c4257c0qi9clu8nikfgg,c50fv8u7kn8vcc9cd6cg,False,True,36.0036,-78.93817,2,2,1,2,8,2,8143,14,18,17,18,18,37,81432039074,-8.9,2022-12-24T06:45:59Z,0.71
c4257c0qi9clu8nikfgg,c50fv8u7kn8vcc9cd6cg,False,True,36.0036,-78.93817,2,2,1,2,8,2,8143,15,18,18,18,18,37,81432039074,-9.1,2022-12-24T07:00:59Z,0.67
c4257c0qi9clu8nikfgg,c50fv8u7kn8vcc9cd6cg,False,True,36.0036,-78.93817,2,2,2,2,8,2,8143,15,19,18,19,19,38,81432039074,-9.2,2022-12-24T07:15:59Z,0.75
c4257c0qi9clu8nikfgg,c50fv8u7kn8vcc9cd6cg,False,True,36.0036,-78.93817,2,2,2,2,8,2,8143,17,21,20,20,20,39,81432039074,-9.3,2022-12-24T07:30:59Z,0.72
c4257c0qi9clu8nikfgg,c50fv8u7kn8vcc9cd6cg,False,True,36.0036,-78.93817,2,2,2,2,8,2,8143,17,21,20,20,21,37,81432039074,-9.5,2022-12-24T07:45:59Z,0.72
c4257c0qi9clu8nikfgg,c50fv8u7kn8vcc9cd6cg,False,True,36.0036,-78.93817,2,2,2,2,8,2,8143,17,21,20,21,21,37,81432039074,-9.6,2022-12-24T08:00:59Z,0.75
c4257c0qi9clu8nikfgg,c50fv8u7kn8vcc9cd6cg,False,True,36.0036,-78.93817,2,2,2,2,8,2,8143,17,21,20,21,21,38,81432039074,-9.7,2022-12-24T08:15:59Z,0.72
c4257c0qi9clu8nikfgg,c50fv8u7kn8vcc9cd6cg,False,True,36.0036,-78.93817,2,2,2,2,8,2,8143,17,21,21,21,21,37,81432039074,-9.9,2022-12-24T08:30:59Z,0.72
c4257c0qi9clu8nikfgg,c50fv8u7kn8vcc9cd6cg,False,True,36.0036,-78.93817,3,3,2,2,8,3,8143,18,23,22,23,23,37,81432039074,-10.0,2022-12-24T08:45:59Z,0.75
c4257c0qi9clu8nikfgg,c50fv8u7kn8vcc9cd6cg,False,True,36.0036,-78.93817,3,3,2,2,8,3,8143,18,23,22,23,23,38,81432039074,-10.2,2022-12-24T09:00:59Z,0.74
c4257c0qi9clu8nikfgg,c50fv8u7kn8vcc9cd6cg,False,True,36.0036,-78.93817,3,3,2,3,13,3,8143,20,25,24,25,25,38,81432039074,-10.3,2022-12-24T09:15:59Z,0.76
c4257c0qi9clu8nikfgg,c50fv8u7kn8vcc9cd6cg,False,True,36.0036,-78.93817,3,3,2,3,13,3,8143,20,25,24,25,25,38,81432039074,-10.4,2022-12-24T09:30:59Z,0.73
c4257c0qi9clu8nikfgg,c50fv8u7kn8vcc9cd6cg,False,True,36.0036,-78.93817,3,3,2,3,13,3,8143,20,26,25,25,26,38,81432039074,-10.6,2022-12-24T09:45:59Z,0.75
c4257c0qi9clu8nikfgg,c50fv8u7kn8vcc9cd6cg,False,True,36.0036,-78.93817,3,3,2,3,13,3,8143,21,27,26,27,27,37,81432039074,-10.7,2022-12-24T10:00:59Z,0.76
c4257c0qi9clu8nikfgg,c50fv8u7kn8vcc9cd6cg,False,True,36.0036,-78.93817,3,3,2,3,13,3,8143,21,26,25,26,26,37,81432039074,-10.8,2022-12-24T10:15:59Z,0.75
c4257c0qi9clu8nikfgg,c50fv8u7kn8vcc9cd6cg,False,True,36.0036,-78.93817,3,3,2,3,13,3,8143,22,27,27,27,27,37,81432039074,-10.9,2022-12-24T10:30:59Z,0.73
c4257c0qi9clu8nikfgg,c50fv8u7kn8vcc9cd6cg,False,True,36.0036,-78.93817,3,3,2,3,13,3,8143,22,28,27,28,28,39,81432039074,-11.0,2022-12-24T10:45:59Z,0.75
c4257c0qi9clu8nikfgg,c50fv8u7kn8vcc9cd6cg,False,True,36.0036,-78.93817,3,3,2,3,13,3,8143,22,28,27,28,28,40,81432039074,-11.0,2022-12-24T11:00:59Z,0.75
c4257c0qi9clu8nikfgg,c50fv8u7kn8vcc9cd6cg,False,True,36.0036,-78.93817,4,4,2,3,13,3,8143,22,29,28,29,29,41,81432039074,-11.1,2022-12-24T11:15:59Z,0.78
c4257c0qi9clu8nikfgg,c50fv8u7kn8vcc9cd6cg,False,True,36.0036,-78.93817,4,4,2,3,13,4,8143,23,30,28,30,30,41,81432039074,-11.3,2022-12-24T11:30:59Z,0.79
c4257c0qi9clu8nikfgg,c50fv8u7kn8vcc9cd6cg,False,True,36.0036,-78.93817,4,4,2,3,13,4,8143,24,31,30,31,31,41,81432039074,-11.4,2022-12-24T11:45:59Z,0.76
c4257c0qi9clu8nikfgg,c50fv8u7kn8vcc9cd6cg,False,True,36.0036,-78.93817,4,4,2,3,13,4,8143,25,32,30,31,32,42,81432039074,-11.8,2022-12-24T12:00:59Z,0.76
c4257c0qi9clu8nikfgg,c50fv8u7kn8vcc9cd6cg,False,True,36.0036,-78.93817,4,4,2,3,13,4,8143,24,31,30,31,31,42,81432039074,-11.9,2022-12-24T12:15:59Z,0.77
c4257c0qi9clu8nikfgg,c50fv8u7kn8vcc9cd6cg,False,True,36.0036,-78.93817,3,3,2,3,13,3,8143,23,30,29,29,30,42,81432039074,-11.8,2022-12-24T12:30:59Z,0.75
c4257c0qi9clu8nikfgg,c50fv8u7kn8vcc9cd6cg,False,True,36.0036,-78.93817,3,3,2,3,13,3,8143,23,29,28,29,29,41,81432039074,-11.7,2022-12-24T12:45:59Z,0.73
c4257c0qi9clu8nikfgg,c50fv8u7kn8vcc9cd6cg,False,True,36.0036,-78.93817,3,3,2,3,13,3,8143,23,29,28,28,29,41,81432039074,-11.4,2022-12-24T13:00:59Z,0.72
c4257c0qi9clu8nikfgg,c50fv8u7kn8vcc9cd6cg,False,True,36.0036,-78.93817,3,3,2,3,13,3,8143,21,27,26,27,27,40,81432039074,-11.2,2022-12-24T13:15:59Z,0.73
c4257c0qi9clu8nikfgg,c50fv8u7kn8vcc9cd6cg,False,True,36.0036,-78.93817,3,3,2,3,13,3,8143,21,27,26,26,27,39,81432039074,-10.9,2022-12-24T13:30:59Z,0.73
c4257c0qi9clu8nikfgg,c50fv8u7kn8vcc9cd6cg,False,True,36.0036,-78.93817,3,3,2,3,13,3,8143,22,27,26,27,27,38,81432039074,-10.5,2022-12-24T13:45:59Z,0.72
c4257c0qi9clu8nikfgg,c50fv8u7kn8vcc9cd6cg,False,True,36.0036,-78.93817,3,3,2,3,13,3,8143,21,27,26,27,27,37,81432039074,-10.3,2022-12-24T14:00:59Z,0.74
c4257c0qi9clu8nikfgg,c50fv8u7kn8vcc9cd6cg,False,True,36.0036,-78.93817,3,3,2,2,8,3,8143,20,25,25,25,25,37,81432039074,-9.9,2022-12-24T14:15:59Z,0.71
c4257c0qi9clu8nikfgg,c50fv8u7kn8vcc9cd6cg,False,True,36.0036,-78.93817,3,3,2,2,8,3,8143,21,26,25,26,26,36,81432039074,-9.6,2022-12-24T14:30:59Z,0.7
c4257c0qi9clu8nikfgg,c50fv8u7kn8vcc9cd6cg,False,True,36.0036,-78.93817,3,3,2,2,8,3,8143,21,25,25,25,25,36,81432039074,-9.3,2022-12-24T14:45:59Z,0.7
c4257c0qi9clu8nikfgg,c50fv8u7kn8vcc9cd6cg,False,True,36.0036,-78.93817,2,2,2,2,8,2,8143,20,24,24,24,24,35,81432039074,-8.9,2022-12-24T15:00:59Z,0.68
c4257c0qi9clu8nikfgg,c50fv8u7kn8vcc9cd6cg,False,True,36.0036,-78.93817,2,2,2,2,8,2,8143,19,24,23,24,24,34,81432039074,-8.4,2022-12-24T15:15:59Z,0.71
c4257c0qi9clu8nikfgg,c50fv8u7kn8vcc9cd6cg,False,True,36.0036,-78.93817,3,3,2,2,8,3,8143,20,24,24,24,24,34,81432039074,-8.0,2022-12-24T15:30:59Z,0.7
c4257c0qi9clu8nikfgg,c50fv8u7kn8vcc9cd6cg,False,True,36.0036,-78.93817,3,3,2,2,8,3,8143,20,25,24,25,25,34,81432039074,-7.5,2022-12-24T15:45:59Z,0.72
c4257c0qi9clu8nikfgg,c50fv8u7kn8vcc9cd6cg,False,True,36.0036,-78.93817,3,3,2,2,8,3,8143,19,24,23,24,24,33,81432039074,-7.1,2022-12-24T16:00:59Z,0.71
c4257c0qi9clu8nikfgg,c50fv8u7kn8vcc9cd6cg,False,True,36.0036,-78.93817,2,2,2,2,8,2,8143,20,25,24,25,25,33,81432039074,-6.7,2022-12-24T16:15:59Z,0.68
c4257c0qi9clu8nikfgg,c50fv8u7kn8vcc9cd6cg,False,True,36.0036,-78.93817,3,3,2,2,8,2,8143,20,24,24,24,24,33,81432039074,-6.3,2022-12-24T16:30:59Z,0.7
c4257c0qi9clu8nikfgg,c50fv8u7kn8vcc9cd6cg,False,True,36.0036,-78.93817,2,2,2,2,8,2,8143,19,23,23,23,23,33,81432039074,-5.6,2022-12-24T16:45:59Z,0.69
c4257c0qi9clu8nikfgg,c50fv8u7kn8vcc9cd6cg,False,True,36.0036,-78.93817,2,2,2,2,8,2,8143,19,23,23,23,23,32,81432039074,-4.9,2022-12-24T17:00:59Z,0.68
c4257c0qi9clu8nikfgg,c50fv8u7kn8vcc9cd6cg,False,True,36.0036,-78.93817,3,3,2,2,8,2,8143,20,24,24,24,24,31,81432039074,-4.3,2022-12-24T17:15:59Z,0.68
c4257c0qi9clu8nikfgg,c50fv8u7kn8vcc9cd6cg,False,True,36.0036,-78.93817,3,3,2,2,8,3,8143,20,24,23,24,24,25,81432039074,0.4,2022-12-24T17:30:59Z,0.68
c4257c0qi9clu8nikfgg,c50fv8u7kn8vcc9cd6cg,False,True,36.0036,-78.93817,2,2,2,2,8,2,8143,19,23,22,23,23,21,81432039074,3.6,2022-12-24T17:45:59Z,0.65
c4257c0qi9clu8nikfgg,c50fv8u7kn8vcc9cd6cg,False,True,36.0036,-78.93817,2,2,2,2,8,2,8143,19,23,23,23,23,20,81432039074,4.9,2022-12-24T18:00:59Z,0.65
c4257c0qi9clu8nikfgg,c50fv8u7kn8vcc9cd6cg,False,True,36.0036,-78.93817,3,3,2,3,13,3,8143,20,24,24,24,24,19,81432039074,6.0,2022-12-24T18:15:59Z,0.67
c4257c0qi9clu8nikfgg,c50fv8u7kn8vcc9cd6cg,False,True,36.0036,-78.93817,3,3,2,3,13,3,8143,21,25,25,25,25,18,81432039074,6.4,2022-12-24T18:30:59Z,0.68
c4257c0qi9clu8nikfgg,c50fv8u7kn8vcc9cd6cg,False,True,36.0036,-78.93817,3,3,2,3,13,3,8143,21,25,25,25,25,19,81432039074,6.3,2022-12-24T18:45:59Z,0.67
c4257c0qi9clu8nikfgg,c50fv8u7kn8vcc9cd6cg,False,True,36.0036,-78.93817,3,3,3,3,13,3,8143,22,27,26,27,27,19,81432039074,6.7,2022-12-24T19:00:59Z,0.69
c4257c0qi9clu8nikfgg,c50fv8u7kn8vcc9cd6cg,False,True,36.0036,-78.93817,3,3,3,3,13,3,8143,24,29,28,29,29,19,81432039074,7.3,2022-12-24T19:15:59Z,0.67
c4257c0qi9clu8nikfgg,c50fv8u7kn8vcc9cd6cg,False,True,36.0036,-78.93817,3,3,3,3,13,3,8143,25,29,29,29,29,19,81432039074,7.0,2022-12-24T19:30:59Z,0.66
c4257c0qi9clu8nikfgg,c50fv8u7kn8vcc9cd6cg,False,True,36.0036,-78.93817,3,3,3,3,13,3,8143,25,30,29,30,30,20,81432039074,6.3,2022-12-24T19:45:59Z,0.67
c4257c0qi9clu8nikfgg,c50fv8u7kn8vcc9cd6cg,False,True,36.0036,-78.93817,3,3,3,3,13,3,8143,24,29,28,29,29,21,81432039074,5.7,2022-12-24T20:00:59Z,0.64
c4257c0qi9clu8nikfgg,c50fv8u7kn8vcc9cd6cg,False,True,36.0036,-78.93817,3,3,3,3,13,3,8143,23,28,28,28,28,22,81432039074,4.7,2022-12-24T20:15:59Z,0.66
c4257c0qi9clu8nikfgg,c50fv8u7kn8vcc9cd6cg,False,True,36.0036,-78.93817,3,3,3,3,13,3,8143,23,27,27,27,27,23,81432039074,4.6,2022-12-24T20:30:59Z,0.66
c4257c0qi9clu8nikfgg,c50fv8u7kn8vcc9cd6cg,False,True,36.0036,-78.93817,3,3,3,3,13,3,8143,23,27,27,27,27,25,81432039074,3.2,2022-12-24T20:45:59Z,0.66
c4257c0qi9clu8nikfgg,c50fv8u7kn8vcc9cd6cg,False,True,36.0036,-78.93817,3,3,2,3,13,3,8143,22,27,27,27,27,24,81432039074,3.8,2022-12-24T21:00:59Z,0.66
c4257c0qi9clu8nikfgg,c50fv8u7kn8vcc9cd6cg,False,True,36.0036,-78.93817,3,3,2,3,13,3,8143,21,25,25,25,25,25,81432039074,3.9,2022-12-24T21:15:59Z,0.64
c4257c0qi9clu8nikfgg,c50fv8u7kn8vcc9cd6cg,False,True,36.0036,-78.93817,3,3,2,3,13,3,8143,21,25,25,25,25,26,81432039074,3.2,2022-12-24T21:30:59Z,0.62
c4257c0qi9clu8nikfgg,c50fv8u7kn8vcc9cd6cg,False,True,36.0036,-78.93817,3,3,2,3,13,3,8143,22,26,26,26,26,29,81432039074,1.0,2022-12-24T21:45:59Z,0.64
c4257c0qi9clu8nikfgg,c50fv8u7kn8vcc9cd6cg,False,True,36.0036,-78.93817,3,3,2,2,8,3,8143,22,26,26,26,26,34,81432039074,-1.4,2022-12-24T22:00:59Z,0.62
c4257c0qi9clu8nikfgg,c50fv8u7kn8vcc9cd6cg,False,True,36.0036,-78.93817,3,3,2,3,13,3,8143,23,28,28,28,28,36,81432039074,-2.2,2022-12-24T22:15:59Z,0.64
c4257c0qi9clu8nikfgg,c50fv8u7kn8vcc9cd6cg,False,True,36.0036,-78.93817,3,3,2,3,13,3,8143,23,27,27,27,27,37,81432039074,-2.5,2022-12-24T22:30:59Z,0.65
c4257c0qi9clu8nikfgg,c50fv8u7kn8vcc9cd6cg,False,True,36.0036,-78.93817,3,3,3,3,13,3,8143,25,30,29,29,29,38,81432039074,-2.7,2022-12-24T22:45:59Z,0.66
c4257c0qi9clu8nikfgg,c50fv8u7kn8vcc9cd6cg,False,True,36.0036,-78.93817,3,3,3,3,13,3,8143,26,31,30,30,31,38,81432039074,-2.8,2022-12-24T23:00:59Z,0.64
c4257c0qi9clu8nikfgg,c50fv8u7kn8vcc9cd6cg,False,True,36.0036,-78.93817,3,3,3,3,13,3,8143,26,31,31,31,31,39,81432039074,-2.9,2022-12-24T23:15:59Z,0.63
c4257c0qi9clu8nikfgg,c50fv8u7kn8vcc9cd6cg,False,True,36.0036,-78.93817,3,3,3,3,13,3,8143,26,31,31,31,31,39,81432039074,-3.0,2022-12-24T23:30:59Z,0.63
c4257c0qi9clu8nikfgg,c50fv8u7kn8vcc9cd6cg,False,True,36.0036,-78.93817,3,3,3,3,13,3,8143,28,33,33,33,33,40,81432039074,-3.2,2022-12-24T23:45:59Z,0.65
c4257c0qi9clu8nikfgg,c50fv8u7kn8vcc9cd6cg,False,True,36.0036,-78.93817,3,3,3,3,13,3,8143,29,34,34,34,34,40,81432039074,-3.2,2022-12-25T00:00:59Z,0.64
c4257c0qi9clu8nikfgg,c50fv8u7kn8vcc9cd6cg,False,True,36.0036,-78.93817,3,3,3,3,13,3,8143,29,35,35,35,35,41,81432039074,-3.3,2022-12-25T00:15:59Z,0.65
c4257c0qi9clu8nikfgg,c50fv8u7kn8vcc9cd6cg,False,True,36.0036,-78.93817,3,3,3,3,13,3,8143,31,37,36,37,37,42,81432039074,-3.6,2022-12-25T00:30:59Z,0.63
c4257c0qi9clu8nikfgg,c50fv8u7kn8vcc9cd6cg,False,True,36.0036,-78.93817,4,4,3,3,13,4,8143,32,38,38,38,38,43,81432039074,-3.8,2022-12-25T00:45:59Z,0.6
c4257c0qi9clu8nikfgg,c50fv8u7kn8vcc9cd6cg,False,True,36.0036,-78.93817,4,4,3,3,13,4,8143,32,38,38,38,38,44,81432039074,-3.9,2022-12-25T01:00:59Z,0.62
c4257c0qi9clu8nikfgg,c50fv8u7kn8vcc9cd6cg,False,True,36.0036,-78.93817,3,3,3,3,13,3,8143,31,37,37,37,37,45,81432039074,-3.9,2022-12-25T01:15:59Z,0.63
c4257c0qi9clu8nikfgg,c50fv8u7kn8vcc9cd6cg,False,True,36.0036,-78.93817,4,4,3,3,13,4,8143,31,38,37,37,38,45,81432039074,-4.0,2022-12-25T01:30:59Z,0.63
c4257c0qi9clu8nikfgg,c50fv8u7kn8vcc9cd6cg,False,True,36.0036,-78.93817,4,4,3,4,17,4,8143,33,39,38,39,39,45,81432039074,-4.2,2022-12-25T01:45:59Z,0.63
c4257c0qi9clu8nikfgg,c50fv8u7kn8vcc9cd6cg,False,True,36.0036,-78.93817,4,4,3,4,17,4,8143,33,40,39,40,40,46,81432039074,-4.5,2022-12-25T02:00:59Z,0.64
c4257c0qi9clu8nikfgg,c50fv8u7kn8vcc9cd6cg,False,True,36.0036,-78.93817,4,4,3,4,17,4,8143,33,39,39,39,39,46,81432039074,-4.4,2022-12-25T02:15:59Z,0.65
c4257c0qi9clu8nikfgg,c50fv8u7kn8vcc9cd6cg,False,True,36.0036,-78.93817,4,4,3,3,13,4,8143,32,38,38,38,38,46,81432039074,-4.4,2022-12-25T02:30:59Z,0.62
c4257c0qi9clu8nikfgg,c50fv8u7kn8vcc9cd6cg,False,True,36.0036,-78.93817,4,4,3,3,13,4,8143,32,38,38,38,38,47,81432039074,-4.5,2022-12-25T02:45:59Z,0.63
c4257c0qi9clu8nikfgg,c50fv8u7kn8vcc9cd6cg,False,True,36.0036,-78.93817,3,3,3,3,13,3,8143,31,37,36,37,37,47,81432039074,-4.6,2022-12-25T03:00:59Z,0.6
c4257c0qi9clu8nikfgg,c50fv8u7kn8vcc9cd6cg,False,True,36.0036,-78.93817,3,3,3,3,13,3,8143,32,38,37,37,37,48,81432039074,-4.6,2022-12-25T03:15:59Z,0.61
c4257c0qi9clu8nikfgg,c50fv8u7kn8vcc9cd6cg,False,True,36.0036,-78.93817,3,3,3,3,13,3,8143,30,36,35,36,36,48,81432039074,-4.6,2022-12-25T03:30:59Z,0.61
c4257c0qi9clu8nikfgg,c50fv8u7kn8vcc9cd6cg,False,True,36.0036,-78.93817,3,3,3,3,13,3,8143,30,36,36,36,36,48,81432039074,-4.6,2022-12-25T03:45:59Z,0.62
c4257c0qi9clu8nikfgg,c50fv8u7kn8vcc9cd6cg,False,True,36.0036,-78.93817,3,3,3,3,13,3,8143,31,36,36,36,36,48,81432039074,-4.5,2022-12-25T04:00:59Z,0.6
c4257c0qi9clu8nikfgg,c50fv8u7kn8vcc9cd6cg,False,True,36.0036,-78.93817,3,3,3,3,13,3,8143,31,36,36,36,36,48,81432039074,-4.5,2022-12-25T04:15:59Z,0.61
c4257c0qi9clu8nikfgg,c50fv8u7kn8vcc9cd6cg,False,True,36.0036,-78.93817,3,3,3,3,13,3,8143,31,36,36,36,36,49,81432039074,-4.6,2022-12-25T04:30:59Z,0.62
c4257c0qi9clu8nikfgg,c50fv8u7kn8vcc9cd6cg,False,True,36.0036,-78.93817,3,3,3,3,13,3,8143,31,37,36,37,37,50,81432039074,-4.9,2022-12-25T04:45:59Z,0.61
c4257c0qi9clu8nikfgg,c50fv8u7kn8vcc9cd6cg,False,True,36.0036,-78.93817,3,3,3,3,13,3,8143,31,37,37,37,37,52,81432039074,-5.3,2022-12-25T05:00:59Z,0.62
c4257c0qi9clu8nikfgg,c50fv8u7kn8vcc9cd6cg,False,True,36.0036,-78.93817,3,3,3,3,13,3,8143,32,37,37,37,37,53,81432039074,-5.4,2022-12-25T05:15:59Z,0.6
c4257c0qi9clu8nikfgg,c50fv8u7kn8vcc9cd6cg,False,True,36.0036,-78.93817,3,3,3,3,13,3,8143,31,37,37,37,37,54,81432039074,-5.5,2022-12-25T05:30:59Z,0.6
c4257c0qi9clu8nikfgg,c50fv8u7kn8vcc9cd6cg,False,True,36.0036,-78.93817,3,3,3,3,13,3,8143,31,36,36,36,36,54,81432039074,-5.5,2022-12-25T05:45:59Z,0.61
c4257c0qi9clu8nikfgg,c50fv8u7kn8vcc9cd6cg,False,True,36.0036,-78.93817,3,3,3,3,13,3,8143,31,37,37,37,37,54,81432039074,-5.5,2022-12-25T06:00:59Z,0.59
c4257c0qi9clu8nikfgg,c50fv8u7kn8vcc9cd6cg,False,True,36.0036,-78.93817,3,3,3,3,13,3,8143,32,38,37,38,38,54,81432039074,-5.5,2022-12-25T06:15:59Z,0.61
c4257c0qi9clu8nikfgg,c50fv8u7kn8vcc9cd6cg,False,True,36.0036,-78.93817,4,4,3,3,13,3,8143,33,39,39,39,39,54,81432039074,-5.5,2022-12-25T06:30:59Z,0.62
c4257c0qi9clu8nikfgg,c50fv8u7kn8vcc9cd6cg,False,True,36.0036,-78.93817,3,3,3,3,13,3,8143,33,39,39,39,39,55,81432039074,-5.6,2022-12-25T06:45:59Z,0.62
c4257c0qi9clu8nikfgg,c50fv8u7kn8vcc9cd6cg,False,True,36.0036,-78.93817,4,4,3,4,17,4,8143,34,40,39,40,40,56,81432039074,-5.7,2022-12-25T07:00:59Z,0.61
c4257c0qi9clu8nikfgg,c50fv8u7kn8vcc9cd6cg,False,True,36.0036,-78.93817,4,4,3,4,17,4,8143,34,40,40,40,40,56,81432039074,-5.7,2022-12-25T07:15:59Z,0.61
c4257c0qi9clu8nikfgg,c50fv8u7kn8vcc9cd6cg,False,True,36.0036,-78.93817,4,4,3,4,17,4,8143,34,40,40,40,40,58,81432039074,-5.9,2022-12-25T07:30:59Z,0.6
c4257c0qi9clu8nikfgg,c50fv8u7kn8vcc9cd6cg,False,True,36.0036,-78.93817,4,4,3,4,17,4,8143,34,40,40,40,40,58,81432039074,-6.0,2022-12-25T07:45:59Z,0.61
c4257c0qi9clu8nikfgg,c50fv8u7kn8vcc9cd6cg,False,True,36.0036,-78.93817,4,4,3,4,17,4,8143,34,40,40,40,40,58,81432039074,-6.0,2022-12-25T08:00:59Z,0.6
c4257c0qi9clu8nikfgg,c50fv8u7kn8vcc9cd6cg,False,True,36.0036,-78.93817,4,4,3,4,17,4,8143,34,40,40,40,40,59,81432039074,-6.1,2022-12-25T08:15:59Z,0.61
c4257c0qi9clu8nikfgg,c50fv8u7kn8vcc9cd6cg,False,True,36.0036,-78.93817,4,4,3,4,17,4,8143,34,40,40,40,40,60,81432039074,-6.3,2022-12-25T08:30:59Z,0.58
c4257c0qi9clu8nikfgg,c50fv8u7kn8vcc9cd6cg,False,True,36.0036,-78.93817,4,4,3,4,17,4,8143,35,42,42,42,42,61,81432039074,-6.6,2022-12-25T08:45:59Z,0.6
c4257c0qi9clu8nikfgg,c50fv8u7kn8vcc9cd6cg,False,True,36.0036,-78.93817,4,4,3,4,17,4,8143,35,42,42,42,42,63,81432039074,-6.9,2022-12-25T09:00:59Z,0.59
c4257c0qi9clu8nikfgg,c50fv8u7kn8vcc9cd6cg,False,True,36.0036,-78.93817,4,4,3,4,17,4,8143,35,42,41,42,42,63,81432039074,-6.9,2022-12-25T09:15:59Z,0.6
c4257c0qi9clu8nikfgg,c50fv8u7kn8vcc9cd6cg,False,True,36.0036,-78.93817,4,4,3,4,17,4,8143,34,40,40,40,40,62,81432039074,-6.9,2022-12-25T09:30:59Z,0.58
c4257c0qi9clu8nikfgg,c50fv8u7kn8vcc9cd6cg,False,True,36.0036,-78.93817,3,3,3,3,13,3,8143,33,39,39,39,39,63,81432039074,-7.1,2022-12-25T09:45:59Z,0.59
c4257c0qi9clu8nikfgg,c50fv8u7kn8vcc9cd6cg,False,True,36.0036,-78.93817,3,3,3,3,13,3,8143,31,37,36,37,37,62,81432039074,-6.6,2022-12-25T10:00:59Z,0.59
c4257c0qi9clu8nikfgg,c50fv8u7kn8vcc9cd6cg,False,True,36.0036,-78.93817,3,3,3,3,13,3,8143,28,33,32,33,33,60,81432039074,-6.5,2022-12-25T10:15:59Z,0.59
c4257c0qi9clu8nikfgg,c50fv8u7kn8vcc9cd6cg,False,True,36.0036,-78.93817,3,3,2,3,13,3,8143,25,30,30,30,30,59,81432039074,-6.7,2022-12-25T10:30:59Z,0.59
c4257c0qi9clu8nikfgg,c50fv8u7kn8vcc9cd6cg,False,True,36.0036,-78.93817,2,2,2,2,8,2,8143,22,26,26,26,26,58,81432039074,-6.6,2022-12-25T10:45:59Z,0.58
c4257c0qi9clu8nikfgg,c50fv8u7kn8vcc9cd6cg,False,True,36.0036,-78.93817,2,2,2,2,8,2,8143,21,25,25,25,25,57,81432039074,-6.1,2022-12-25T11:00:59Z,0.59
c4257c0qi9clu8nikfgg,c50fv8u7kn8vcc9cd6cg,False,True,36.0036,-78.93817,2,2,2,2,8,2,8143,22,25,25,25,25,57,81432039074,-6.3,2022-12-25T11:15:59Z,0.6
c4257c0qi9clu8nikfgg,c50fv8u7kn8vcc9cd6cg,False,True,36.0036,-78.93817,2,2,2,2,8,2,8143,19,22,22,22,22,57,81432039074,-6.5,2022-12-25T11:30:59Z,0.58
c4257c0qi9clu8nikfgg,c50fv8u7kn8vcc9cd6cg,False,True,36.0036,-78.93817,2,2,2,2,8,2,8143,16,19,19,19,19,55,81432039074,-5.9,2022-12-25T11:45:59Z,0.59
c4257c0qi9clu8nikfgg,c50fv8u7kn8vcc9cd6cg,False,True,36.0036,-78.93817,2,2,2,2,8,2,8143,15,18,18,18,18,53,81432039074,-5.9,2022-12-25T12:00:59Z,0.59
c4257c0qi9clu8nikfgg,c50fv8u7kn8vcc9cd6cg,False,True,36.0036,-78.93817,2,2,2,2,8,2,8143,15,18,18,18,18,53,81432039074,-5.8,2022-12-25T12:15:59Z,0.59
c4257c0qi9clu8nikfgg,c50fv8u7kn8vcc9cd6cg,False,True,36.0036,-78.93817,2,2,1,2,8,2,8143,15,18,17,18,18,51,81432039074,-5.5,2022-12-25T12:30:59Z,0.61
c4257c0qi9clu8nikfgg,c50fv8u7kn8vcc9cd6cg,False,True,36.0036,-78.93817,2,2,1,1,4,2,8143,14,17,17,17,17,49,81432039074,-5.2,2022-12-25T12:45:59Z,0.62
c4257c0qi9clu8nikfgg,c50fv8u7kn8vcc9cd6cg,False,True,36.0036,-78.93817,1,1,1,1,4,1,8143,13,16,16,16,16,47,81432039074,-4.8,2022-12-25T13:00:59Z,0.61
c4257c0qi9clu8nikfgg,c50fv8u7kn8vcc9cd6cg,False,True,36.0036,-78.93817,1,1,1,1,4,1,8143,13,15,15,15,15,45,81432039074,-4.4,2022-12-25T13:15:59Z,0.6
c4257c0qi9clu8nikfgg,c50fv8u7kn8vcc9cd6cg,False,True,36.0036,-78.93817,1,1,1,1,4,1,8143,13,15,15,15,15,43,81432039074,-4.0,2022-12-25T13:30:59Z,0.61
c4257c0qi9clu8nikfgg,c50fv8u7kn8vcc9cd6cg,False,True,36.0036,-78.93817,1,1,1,1,4,1,8143,12,14,14,14,14,41,81432039074,-3.7,2022-12-25T13:45:59Z,0.6
c4257c0qi9clu8nikfgg,c50fv8u7kn8vcc9cd6cg,False,True,36.0036,-78.93817,1,1,1,1,4,1,8143,12,14,14,14,14,40,81432039074,-3.3,2022-12-25T14:00:59Z,0.58
c4257c0qi9clu8nikfgg,c50fv8u7kn8vcc9cd6cg,False,True,36.0036,-78.93817,1,1,1,1,4,1,8143,10,12,12,12,12,38,81432039074,-3.0,2022-12-25T14:15:59Z,0.61
c4257c0qi9clu8nikfgg,c50fv8u7kn8vcc9cd6cg,False,True,36.0036,-78.93817,1,1,1,1,4,1,8143,10,12,12,12,12,36,81432039074,-2.5,2022-12-25T14:30:59Z,0.61
c4257c0qi9clu8nikfgg,c50fv8u7kn8vcc9cd6cg,False,True,36.0036,-78.93817,1,1,1,1,4,1,8143,10,12,12,12,12,35,81432039074,-2.2,2022-12-25T14:45:59Z,0.6
